73 NONE -5127;3379 0;0
74 NONE -20182;11430 0;0
75 NONE -29148;14967 0;0
76 NONE -28800;15626 0;0
77 NONE -28748;15721 0;0
78 NONE -28729;15756 0;0
79 NONE -28935;15374 0;0
80 NONE -29337;14593 0;0
81 NONE -29532;14196 0;0
82 NONE -29547;14163 0;0
83 NONE -29556;14145 0;0
84 NONE -29569;14117 0;0
85 NONE -29611;14029 0;0
86 NONE -29635;13979 0;0
87 NONE -30181;12758 0;0
88 NONE -30527;11905 0;0
89 NONE -30907;10881 0;0
90 NONE -31095;10330 0;0
91 NONE -31161;10132 0;0
92 NONE -31200;10009 0;0
93 NONE -31251;9851 0;0
94 NONE -31284;9743 0;0
95 NONE -31442;9220 0;0
96 NONE -31494;9041 0;0
97 NONE -31494;9041 0;0
98 NONE -31496;9034 0;0
99 NONE -31507;8996 0;0
100 NONE -31517;8964 0;0
101 NONE -31509;8989 0;0
102 NONE -31526;8931 0;0
103 NONE -31531;8912 0;0
104 NONE -31531;8912 0;0
105 NONE -31526;8931 0;0
106 NONE -31536;8893 0;0
107 NONE -31533;8905 0;0
108 NONE -31533;8905 0;0
109 NONE -31540;8879 0;0
110 NONE -31537;8892 0;0
111 NONE -31528;8924 0;0
112 NONE -31544;8866 0;0
113 NONE -31542;8873 0;0
114 NONE -31540;8879 0;0
115 NONE -31535;8898 0;0
116 NONE -31542;8873 0;0
117 NONE -31542;8873 0;0
118 NONE -31546;8860 0;0
119 NONE -31578;8744 0;0
120 NONE -31759;8063 0;0
121 NONE -31682;8359 0;0
122 NONE -19293;5660 0;0
156 NONE 2011;3899 0;0
157 NONE 7986;9764 0;0
158 NONE 15864;14042 0;0
159 NONE 29038;15179 0;0
160 NONE 29492;14277 0;0
161 NONE 30489;12002 0;0
162 NONE 30932;10811 0;0
163 NONE 30983;10664 0;0
164 NONE 31006;10594 0;0
165 NONE 31036;10507 0;0
166 NONE 31036;10507 0;0
167 NONE 31036;10507 0;0
168 NONE 31022;10549 0;0
169 NONE 31052;10461 0;0
170 NONE 27796;9186 0;0
190 NONE 147;330 0;0
191 NONE 1081;1996 0;0
192 NONE 3598;5625 0;0
193 NONE 9387;9709 0;0
194 NONE 22520;13182 0;0
195 NONE 29998;13181 0;0
196 NONE 30027;13116 0;0
197 NONE 30040;13086 0;0
198 NONE 30057;13046 0;0
199 NONE 30067;13023 0;0
200 NONE 30080;12994 0;0
201 NONE 30080;12994 0;0
202 NONE 30065;13029 0;0
203 NONE 30069;13019 0;0
204 NONE 29954;13281 0;0
205 NONE 29958;13271 0;0
206 NONE 29941;13312 0;0
207 NONE 29941;13311 0;0
208 NONE 29958;13271 0;0
209 NONE 29943;13306 0;0
210 NONE 29970;13246 0;0
211 NONE 29958;13271 0;0
212 NONE 29495;14272 0;0
213 NONE 5824;6715 0;0
229 NONE 1302;2463 0;0
230 NONE 8221;9491 0;0
231 NONE 24598;13057 0;0
232 NONE 30299;12473 0;0
233 NONE 30501;11971 0;0
234 NONE 30927;10824 0;0
235 NONE 31563;8798 0;0
236 NONE 31701;8289 0;0
237 NONE 31823;7807 0;0
238 NONE 31854;7677 0;0
239 NONE 31860;7654 0;0
240 NONE 31853;7683 0;0
241 NONE 31867;7626 0;0
242 NONE 31792;7931 0;0
243 NONE 13620;7122 0;0
276 NONE -444;7846 0;0
277 NONE -575;14158 0;0
278 NONE -645;17484 0;0
279 NONE -708;24347 0;0
280 NONE -693;26536 0;0
281 NONE -740;29316 0;0
282 NONE -743;32758 0;0
283 NONE -755;32758 0;0
284 NONE -697;32759 0;0
285 NONE -644;32760 0;0
286 NONE -644;32760 0;0
287 NONE -671;32760 0;0
288 NONE -671;32760 0;0
289 NONE -699;32759 0;0
290 NONE -699;32759 0;0
291 NONE -671;32760 0;0
292 NONE -671;32760 0;0
293 NONE -672;32760 0;0
294 NONE -671;32760 0;0
295 NONE -643;32760 0;0
296 NONE -672;32760 0;0
297 NONE -671;32760 0;0
298 NONE -643;32760 0;0
299 KEY_B -643;32760 0;0
300 KEY_B -671;32760 0;0
301 KEY_B -671;32760 0;0
302 KEY_B -700;32759 0;0
303 KEY_B -643;32760 0;0
304 KEY_B -672;32760 0;0
305 KEY_B -671;32760 0;0
306 KEY_B -643;32760 0;0
307 KEY_B -671;32760 0;0
308 KEY_B -699;32759 0;0
309 KEY_B -642;32760 0;0
310 KEY_B -671;32760 0;0
311 KEY_B -643;32760 0;0
312 KEY_B -671;32760 0;0
313 KEY_B -700;32759 0;0
314 NONE -671;32760 0;0
315 NONE -671;32760 0;0
316 NONE -699;32759 0;0
317 NONE -671;32760 0;0
318 NONE -672;32760 0;0
319 NONE -671;32760 0;0
320 NONE -672;32760 0;0
321 NONE -671;32760 0;0
322 NONE -671;32760 0;0
323 NONE -643;32760 0;0
324 NONE -643;32760 0;0
325 NONE -643;32760 0;0
326 NONE -671;32760 0;0
327 NONE -642;32760 0;0
328 NONE -671;32760 0;0
329 NONE -671;32760 0;0
330 NONE -699;32759 0;0
331 NONE -642;32760 0;0
332 NONE -643;32760 0;0
333 NONE -643;32760 0;0
334 NONE -671;32760 0;0
335 NONE -643;32760 0;0
336 NONE -643;32760 0;0
337 NONE -643;32760 0;0
338 NONE -643;32760 0;0
339 NONE -671;32760 0;0
340 NONE -643;32760 0;0
341 NONE -643;32760 0;0
342 NONE -671;32760 0;0
343 NONE -671;32760 0;0
344 NONE -671;32760 0;0
345 NONE -671;32760 0;0
346 NONE -699;32759 0;0
347 NONE -728;32758 0;0
348 NONE -756;32758 0;0
349 NONE -1623;32726 0;0
350 NONE -1761;32719 0;0
351 NONE -1843;32715 0;0
352 NONE -2019;32704 0;0
353 NONE -1704;17768 0;0
368 NONE -301;2182 0;0
369 NONE -1280;9548 0;0
370 NONE -2152;16745 0;0
371 NONE -3383;24630 0;0
372 NONE -4127;32201 0;0
373 NONE -3905;32533 0;0
374 NONE -3785;32547 0;0
375 NONE -1655;32725 0;0
376 NONE -925;32753 0;0
377 NONE -308;32765 0;0
378 NONE 2597;32663 0;0
379 NONE 3828;32542 0;0
380 NONE 5172;32356 0;0
381 NONE 6912;32029 0;0
382 NONE 7160;31975 0;0
383 NONE 7234;31958 0;0
384 NONE 7259;31952 0;0
385 NONE 7265;31951 0;0
386 NONE 7259;31952 0;0
387 NONE 7216;31962 0;0
388 NONE 7210;31963 0;0
389 NONE 7210;31963 0;0
390 NONE 7234;31958 0;0
391 NONE 7234;31958 0;0
392 NONE 7228;31959 0;0
393 NONE 7228;31959 0;0
394 NONE 7265;31951 0;0
395 NONE 7259;31952 0;0
396 NONE 7259;31952 0;0
397 NONE 7259;31952 0;0
398 NONE 7210;31963 0;0
399 NONE 7160;31975 0;0
400 NONE 6813;32050 0;0
401 NONE 5176;32355 0;0
402 NONE 3988;32523 0;0
403 NONE 3910;32532 0;0
404 NONE 3884;32535 0;0
405 NONE 3724;32554 0;0
406 NONE 3620;32566 0;0
407 NONE 3594;32569 0;0
408 NONE 3518;32577 0;0
409 NONE 3440;32585 0;0
410 NONE 3384;32591 0;0
411 NONE 3015;32627 0;0
412 NONE 2834;32644 0;0
413 NONE 2546;32667 0;0
414 NONE 2575;32665 0;0
415 NONE 2571;32665 0;0
416 NONE 2465;32674 0;0
417 NONE 691;32759 0;0
418 NONE -448;32763 0;0
419 NONE -507;14745 0;0
435 NONE -982;10606 0;0
436 NONE -2591;21077 0;0
437 NONE -5984;32215 0;0
438 NONE -6974;32016 0;0
439 NONE -7022;32005 0;0
440 NONE -6956;32020 0;0
441 NONE -6949;32021 0;0
442 NONE -6943;32022 0;0
443 NONE -6877;32037 0;0
444 NONE -6732;32067 0;0
445 NONE -6446;32126 0;0
446 NONE -5712;32265 0;0
447 NONE -4961;32389 0;0
448 NONE -4691;32429 0;0
449 NONE -4549;32449 0;0
450 NONE -4521;32453 0;0
451 NONE -4498;32456 0;0
452 NONE -4634;32437 0;0
470 NONE -485;2621 0;0
471 NONE -6070;25451 0;0
472 NONE -11258;30772 0;0
473 NONE -11239;30779 0;0
474 NONE -11187;30797 0;0
475 NONE -11187;30797 0;0
476 NONE -11135;30816 0;0
477 NONE -11091;30832 0;0
478 NONE -10945;30884 0;0
479 NONE -10300;31106 0;0
480 NONE -9763;31278 0;0
481 NONE -9594;31330 0;0
482 NONE -9526;31351 0;0
483 NONE -9175;31456 0;0
484 NONE -7229;31959 0;0
506 NONE -1974;10050 0;0
507 NONE -18023;27364 0;0
508 NONE -19466;26357 0;0
509 NONE -19785;26119 0;0
510 NONE -19710;26176 0;0
511 NONE -19500;26332 0;0
512 NONE -18823;26820 0;0
513 NONE -16989;28018 0;0
514 NONE -15702;28759 0;0
515 NONE -13838;29701 0;0
516 NONE -11771;30579 0;0
517 NONE -10484;31044 0;0
518 NONE -10146;31156 0;0
519 NONE -8205;31722 0;0
543 NONE 1709;8458 0;0
544 NONE 2248;16876 0;0
545 NONE 1915;24915 0;0
546 NONE -524;32762 0;0
547 NONE -3609;32567 0;0
548 NONE -3770;32549 0;0
549 NONE -3886;32535 0;0
550 NONE -3910;32532 0;0
551 NONE -3914;32532 0;0
552 NONE -3973;32525 0;0
553 NONE -3914;32532 0;0
554 NONE -3910;32532 0;0
555 NONE -3886;32535 0;0
556 NONE -3973;32525 0;0
557 NONE -3914;32532 0;0
558 NONE -3942;32528 0;0
559 NONE -3917;32531 0;0
560 NONE -3714;32555 0;0
591 NONE -2126;-304 0;0
592 NONE -16637;-995 0;0
593 NONE -32748;-1092 0;0
594 NONE -32750;-1044 0;0
595 NONE -32749;-1073 0;0
596 NONE -32749;-1074 0;0
597 NONE -32747;-1134 0;0
598 NONE -32749;-1072 0;0
599 NONE -32748;-1103 0;0
600 NONE -32748;-1104 0;0
601 NONE -32748;-1103 0;0
602 NONE -32749;-1073 0;0
603 NONE -32748;-1103 0;0
604 NONE -32748;-1102 0;0
605 NONE -32749;-1072 0;0
606 NONE -32750;-1042 0;0
607 NONE -32748;-1103 0;0
608 NONE -32749;-1072 0;0
609 NONE -32748;-1103 0;0
610 NONE -32748;-1102 0;0
611 NONE -32749;-1073 0;0
612 NONE -32749;-1072 0;0
613 NONE -32749;-1073 0;0
614 NONE -32749;-1072 0;0
615 NONE -32749;-1072 0;0
616 NONE -32748;-1102 0;0
617 NONE -32750;-1041 0;0
618 NONE -32749;-1072 0;0
619 NONE -32748;-1101 0;0
620 NONE -32749;-1073 0;0
621 NONE -32749;-1073 0;0
622 NONE -32747;-1134 0;0
623 NONE -32749;-1073 0;0
624 NONE -32749;-1072 0;0
625 NONE -32748;-1102 0;0
626 NONE -32749;-1073 0;0
627 NONE -32749;-1072 0;0
628 NONE -32748;-1103 0;0
629 NONE -32748;-1103 0;0
630 NONE -32749;-1073 0;0
631 NONE -32748;-1103 0;0
632 NONE -32749;-1073 0;0
633 NONE -32749;-1072 0;0
634 NONE -30499;-1132 0;0
635 NONE -13624;-929 0;0
665 NONE -4919;460 0;0
666 NONE -25204;-248 0;0
667 NONE -32762;-537 0;0
668 NONE -32745;-1179 0;0
669 NONE -32742;-1269 0;0
670 NONE -32736;-1422 0;0
671 NONE -32737;-1392 0;0
672 NONE -32736;-1422 0;0
673 NONE -32734;-1453 0;0
674 NONE -32737;-1391 0;0
675 NONE -32734;-1453 0;0
676 NONE -32736;-1422 0;0
677 NONE -32734;-1454 0;0
678 NONE -32736;-1422 0;0
679 NONE -32734;-1452 0;0
680 NONE -32736;-1421 0;0
681 NONE -32736;-1419 0;0
682 NONE -32735;-1448 0;0
683 NONE -32736;-1416 0;0
684 NONE -32736;-1413 0;0
685 NONE -32736;-1412 0;0
686 NONE -32736;-1411 0;0
687 NONE -32736;-1411 0;0
688 NONE -32735;-1441 0;0
689 NONE -32736;-1412 0;0
690 NONE -32736;-1411 0;0
691 NONE -32735;-1441 0;0
692 NONE -32736;-1411 0;0
693 NONE -32736;-1411 0;0
694 NONE -32737;-1380 0;0
695 NONE -32739;-1349 0;0
696 NONE -32736;-1412 0;0
697 NONE -32736;-1408 0;0
698 NONE -32737;-1380 0;0
699 NONE -32737;-1379 0;0
700 NONE -32736;-1408 0;0
701 NONE -32737;-1381 0;0
702 NONE -32736;-1409 0;0
703 NONE -32735;-1442 0;0
704 NONE -32735;-1440 0;0
705 NONE -32736;-1412 0;0
706 NONE -32736;-1411 0;0
707 NONE -32736;-1412 0;0
708 NONE -32737;-1381 0;0
709 NONE -32735;-1440 0;0
710 NONE -32736;-1411 0;0
711 NONE -32736;-1411 0;0
712 NONE -32736;-1409 0;0
713 NONE -32736;-1411 0;0
714 NONE -32736;-1411 0;0
715 NONE -32735;-1441 0;0
716 NONE -32737;-1380 0;0
717 NONE -32737;-1380 0;0
718 NONE -32735;-1440 0;0
719 NONE -32737;-1380 0;0
720 NONE -32737;-1379 0;0
721 NONE -32735;-1441 0;0
722 NONE -32618;-1476 0;0
723 NONE -24199;-1413 0;0
724 NONE -16488;-1240 0;0
725 NONE -6615;-839 0;0
772 NONE -4796;-200 0;0
773 NONE -15504;827 0;0
774 NONE -32506;4120 0;0
775 NONE -32495;4212 0;0
776 NONE -32474;4371 0;0
777 NONE -32318;5403 0;0
778 NONE -32123;6464 0;0
779 NONE -31764;8044 0;0
780 NONE -30911;10870 0;0
781 NONE -30774;11251 0;0
782 NONE -30599;11719 0;0
783 NONE -30484;12016 0;0
784 NONE -30418;12181 0;0
785 NONE -30304;12463 0;0
786 NONE -30162;12803 0;0
787 NONE -30101;12945 0;0
788 NONE -30078;12997 0;0
789 NONE -30074;13008 0;0
790 NONE -30085;12982 0;0
791 NONE -30078;12997 0;0
792 NONE -30051;13060 0;0
793 NONE -30040;13086 0;0
794 NONE -29983;13217 0;0
795 NONE -29826;13566 0;0
796 NONE -29774;13680 0;0
797 NONE -29606;14041 0;0
798 NONE -29493;14276 0;0
799 NONE -29255;14758 0;0
800 NONE -28719;15776 0;0
801 NONE -28371;16393 0;0
802 NONE -28164;16746 0;0
803 NONE -28029;16971 0;0
804 NONE -27806;17334 0;0
805 NONE -27693;17514 0;0
806 NONE -27619;17630 0;0
807 NONE -27553;17733 0;0
808 NONE -27545;17746 0;0
809 NONE -27501;17814 0;0
810 NONE -27459;17879 0;0
811 NONE -27349;18045 0;0
812 NONE -27341;18058 0;0
813 NONE -27341;18058 0;0
814 NONE -27332;18072 0;0
815 NONE -27245;18203 0;0
816 NONE -21343;15184 0;0
817 NONE -9376;8527 0;0
840 NONE -3501;-7161 0;0
841 NONE -15708;-22904 0;0
842 NONE -18769;-26858 0;0
843 NONE -17132;-27931 0;0
844 NONE -16690;-28197 0;0
845 NONE -15609;-28810 0;0
846 NONE -13764;-29735 0;0
847 NONE -13180;-29999 0;0
848 NONE -13123;-30024 0;0
849 NONE -13102;-30033 0;0
850 NONE -13092;-30037 0;0
851 NONE -13469;-29870 0;0
852 NONE -14567;-29350 0;0
853 NONE -15360;-28943 0;0
854 NONE -15472;-28883 0;0
855 NONE -15618;-28805 0;0
856 NONE -16118;-28528 0;0
857 NONE -16977;-28025 0;0
858 NONE -19998;-25956 0;0
859 NONE -19530;-21821 0;0
860 NONE -7242;-7602 0;0
884 NONE -9562;1208 0;0
885 NONE -31951;1811 0;0
886 NONE -32722;1698 0;0
887 NONE -32721;1729 0;0
888 NONE -32724;1665 0;0
889 NONE -32724;1668 0;0
890 NONE -32721;1726 0;0
891 NONE -32723;1695 0;0
892 NONE -32723;1696 0;0
893 NONE -32721;1728 0;0
894 NONE -32719;1758 0;0
895 NONE -32723;1695 0;0
896 NONE -32719;1758 0;0
897 NONE -32721;1728 0;0
898 NONE -32721;1728 0;0
899 NONE -32723;1695 0;0
900 NONE -32721;1726 0;0
901 NONE -32723;1695 0;0
902 NONE -32723;1696 0;0
903 NONE -32719;1758 0;0
904 NONE -32723;1696 0;0
905 NONE -32721;1728 0;0
906 NONE -32721;1728 0;0
907 NONE -32721;1726 0;0
908 NONE -32721;1728 0;0
909 NONE -32721;1723 0;0
910 NONE -32723;1692 0;0
911 NONE -32721;1726 0;0
912 NONE -32723;1695 0;0
913 NONE -32724;1661 0;0
914 NONE -32721;1725 0;0
915 NONE -32720;1737 0;0
942 NONE -31904;-4516 0;0
943 NONE -31916;-7417 0;0
944 NONE -31161;-10130 0;0
945 NONE -29848;-13518 0;0
946 NONE -29314;-14640 0;0
947 NONE -29101;-15059 0;0
948 NONE -28966;-15317 0;0
949 NONE -28853;-15529 0;0
950 NONE -28447;-16260 0;0
951 NONE -28091;-16867 0;0
952 NONE -28050;-16935 0;0
953 NONE -27937;-17122 0;0
954 NONE -26877;-18742 0;0
955 NONE -26564;-19183 0;0
956 NONE -26239;-19626 0;0
957 NONE -26024;-19909 0;0
958 NONE -25892;-20081 0;0
959 NONE -25832;-20158 0;0
960 NONE -25751;-20261 0;0
961 NONE -25649;-20390 0;0
962 NONE -25600;-20452 0;0
963 NONE -25356;-20754 0;0
964 NONE -25196;-20947 0;0
965 NONE -25058;-21112 0;0
966 NONE -24921;-21274 0;0
967 NONE -24781;-21436 0;0
968 NONE -24658;-21578 0;0
969 NONE -24470;-21791 0;0
970 NONE -24228;-22060 0;0
971 NONE -24023;-22283 0;0
972 NONE -23940;-22371 0;0
973 NONE -23927;-22386 0;0
974 NONE -23956;-22355 0;0
975 NONE -23919;-22395 0;0
976 NONE -23677;-22650 0;0
977 NONE -23626;-22704 0;0
978 NONE -23190;-23148 0;0
979 NONE -13884;-14881 0;0
993 NONE -6977;719 0;0
994 NONE -24075;-1043 0;0
995 NONE -32679;-2398 0;0
996 NONE -32674;-2456 0;0
997 NONE -32675;-2449 0;0
998 NONE -32676;-2438 0;0
999 NONE -32708;-1964 0;0
1000 NONE -32720;-1744 0;0
1001 NONE -32722;-1715 0;0
1002 NONE -32753;-947 0;0
1003 NONE -32727;1602 0;0
1004 NONE -32598;3318 0;0
1005 NONE -32467;4423 0;0
1006 NONE -32294;5546 0;0
1007 NONE -32040;6861 0;0
1008 NONE -31523;8940 0;0
1009 NONE -30933;10807 0;0
1010 NONE -11028;5799 0;0
1039 NONE -1921;2627 0;0
1040 NONE -15115;7673 0;0
1041 NONE -30970;10701 0;0
1042 NONE -30986;10653 0;0
1043 NONE -31487;9066 0;0
1044 NONE -31947;7280 0;0
1045 NONE -32078;6681 0;0
1046 NONE -32115;6501 0;0
1047 NONE -32160;6273 0;0
1048 NONE -32184;6152 0;0
1049 NONE -32209;6017 0;0
1050 NONE -32251;5788 0;0
1051 NONE -32290;5564 0;0
1052 NONE -32340;5266 0;0
1053 NONE -32358;5159 0;0
1054 NONE -32362;5132 0;0
1055 NONE -32354;5182 0;0
1056 NONE -28107;4713 0;0
1057 NONE -3166;378 0;0
1075 NONE -19351;3241 0;0
1076 NONE -32540;3846 0;0
1077 NONE -32637;2912 0;0
1078 NONE -32644;2831 0;0
1079 NONE -32639;2891 0;0
1080 NONE -32644;2829 0;0
1081 NONE -32655;2701 0;0
1082 NONE -32660;2641 0;0
1083 NONE -32665;2579 0;0
1084 NONE -32662;2610 0;0
1085 NONE -32663;2608 0;0
1086 NONE -32663;2605 0;0
1087 NONE -32662;2610 0;0
1088 NONE -32663;2605 0;0
1089 NONE -32660;2634 0;0
1090 NONE -32663;2608 0;0
1091 NONE -32665;2574 0;0
1092 NONE -32663;2605 0;0
1093 NONE -32660;2634 0;0
1094 NONE -32666;2570 0;0
1095 NONE -32663;2605 0;0
1096 NONE -32663;2603 0;0
1097 NONE -32663;2605 0;0
1098 NONE -32665;2572 0;0
1099 NONE -32666;2570 0;0
1100 NONE -32663;2601 0;0
1101 NONE -32666;2570 0;0
1102 NONE -32666;2567 0;0
1103 NONE -32663;2601 0;0
1104 NONE -32663;2596 0;0
1105 NONE -32671;2505 0;0
1106 NONE -32668;2541 0;0
1107 NONE -32668;2536 0;0
1108 NONE -32670;2510 0;0
1109 NONE -32668;2536 0;0
1110 NONE -32666;2570 0;0
1111 NONE -32667;2552 0;0
1112 NONE -25277;2613 0;0
1190 NONE -1085;139 0;0
1191 NONE -31137;2537 0;0
1192 NONE -32672;2483 0;0
1193 NONE -32670;2512 0;0
1194 NONE -32673;2476 0;0
1195 NONE -32673;2474 0;0
1196 NONE -32673;2476 0;0
1197 NONE -32673;2476 0;0
1198 NONE -32673;2474 0;0
1199 NONE -32675;2444 0;0
1200 NONE -32673;2474 0;0
1201 NONE -32668;2537 0;0
1202 NONE -32673;2476 0;0
1203 NONE -32673;2474 0;0
1204 NONE -32678;2411 0;0
1205 NONE -32673;2469 0;0
1206 NONE -32671;2496 0;0
1207 NONE -32674;2463 0;0
1208 NONE -32676;2427 0;0
1209 NONE -32676;2427 0;0
1210 NONE -32677;2422 0;0
1211 NONE -32679;2393 0;0
1212 NONE -32674;2456 0;0
1213 NONE -32679;2395 0;0
1214 NONE -32676;2427 0;0
1215 NONE -32676;2427 0;0
1216 NONE -32674;2456 0;0
1217 NONE -32679;2393 0;0
1218 NONE -32679;2393 0;0
1219 NONE -32677;2425 0;0
1220 NONE -32677;2425 0;0
1221 NONE -32677;2422 0;0
1222 NONE -32677;2422 0;0
1223 NONE -32677;2418 0;0
1224 NONE -32677;2418 0;0
1225 NONE -32675;2451 0;0
1226 NONE -32677;2422 0;0
1227 NONE -32679;2389 0;0
1228 NONE -32675;2449 0;0
1229 NONE -32677;2420 0;0
1230 NONE -32679;2389 0;0
1231 NONE -32679;2391 0;0
1232 NONE -32677;2420 0;0
1233 NONE -32679;2391 0;0
1234 NONE -32677;2420 0;0
1235 NONE -32679;2389 0;0
1236 NONE -32679;2387 0;0
1237 NONE -32679;2389 0;0
1238 NONE -32677;2416 0;0
1239 NONE -32679;2391 0;0
1240 NONE -32677;2422 0;0
1241 NONE -32679;2387 0;0
1242 NONE -32679;2391 0;0
1243 NONE -32677;2420 0;0
1244 NONE -32679;2389 0;0
1245 NONE -32679;2389 0;0
1246 NONE -32677;2420 0;0
1247 NONE -32677;2420 0;0
1248 NONE -32675;2451 0;0
1249 NONE -32679;2389 0;0
1250 NONE -32675;2451 0;0
1251 KEY_B -32677;2418 0;0
1252 KEY_B -32677;2418 0;0
1253 KEY_B -32679;2389 0;0
1254 KEY_B -32677;2422 0;0
1255 KEY_B -32679;2389 0;0
1256 KEY_B -32677;2418 0;0
1257 KEY_B -32679;2391 0;0
1258 KEY_B -32679;2393 0;0
1259 KEY_B -32677;2420 0;0
1260 KEY_B -32679;2389 0;0
1261 KEY_B -32679;2387 0;0
1262 KEY_B -32681;2360 0;0
1263 NONE -32679;2389 0;0
1264 NONE -32677;2420 0;0
1265 NONE -32679;2389 0;0
1266 NONE -32679;2389 0;0
1267 NONE -32677;2418 0;0
1268 NONE -32679;2387 0;0
1269 NONE -32677;2420 0;0
1270 NONE -32677;2420 0;0
1271 NONE -32679;2389 0;0
1272 NONE -32679;2387 0;0
1273 NONE -32679;2391 0;0
1274 NONE -32677;2420 0;0
1275 NONE -32677;2420 0;0
1276 NONE -32679;2389 0;0
1277 NONE -32679;2391 0;0
1278 NONE -32675;2451 0;0
1279 NONE -32679;2389 0;0
1280 NONE -32679;2389 0;0
1281 NONE -32677;2420 0;0
1282 NONE -32682;2356 0;0
1283 NONE -32679;2387 0;0
1284 NONE -32679;2389 0;0
1285 NONE -32677;2420 0;0
1286 NONE -32679;2389 0;0
1287 NONE -32679;2389 0;0
1288 NONE -32679;2387 0;0
1289 NONE -32677;2420 0;0
1290 NONE -32677;2420 0;0
1291 NONE -32677;2418 0;0
1292 NONE -32679;2391 0;0
1293 NONE -32677;2418 0;0
1294 NONE -32679;2389 0;0
1295 NONE -32682;2353 0;0
1296 NONE -32679;2387 0;0
1297 NONE -32679;2389 0;0
1298 NONE -32677;2425 0;0
1299 NONE -32677;2418 0;0
1300 NONE -32679;2389 0;0
1301 NONE -32677;2420 0;0
1302 NONE -32680;2385 0;0
1303 NONE -32677;2418 0;0
1304 NONE -32679;2389 0;0
1305 NONE -32677;2420 0;0
1306 NONE -32675;2447 0;0
1307 NONE -32679;2387 0;0
1308 NONE -32677;2420 0;0
1309 NONE -32677;2422 0;0
1310 NONE -32679;2389 0;0
1311 NONE -32679;2389 0;0
1312 NONE -32677;2418 0;0
1313 NONE -32675;2449 0;0
1314 NONE -32677;2420 0;0
1315 NONE -32682;2356 0;0
1316 NONE -32679;2387 0;0
1317 NONE -32675;2451 0;0
1318 NONE -32679;2387 0;0
1319 NONE -32677;2418 0;0
1320 NONE -32680;2385 0;0
1321 NONE -32677;2418 0;0
1322 NONE -32677;2420 0;0
1323 NONE -32679;2387 0;0
1324 NONE -32679;2389 0;0
1325 NONE -32677;2418 0;0
1326 NONE -32677;2418 0;0
1327 NONE -32679;2387 0;0
1328 NONE -32679;2387 0;0
1329 NONE -32679;2387 0;0
1330 NONE -32679;2389 0;0
1331 NONE -32677;2418 0;0
1332 NONE -32679;2389 0;0
1333 NONE -32677;2418 0;0
1334 KEY_B -32680;2385 0;0
1335 KEY_B -32677;2418 0;0
1336 KEY_B -32679;2389 0;0
1337 KEY_B -32679;2389 0;0
1338 KEY_B -32679;2391 0;0
1339 KEY_B -32679;2389 0;0
1340 KEY_B -32677;2420 0;0
1341 KEY_B -32677;2418 0;0
1342 KEY_B -32677;2418 0;0
1343 KEY_B -32679;2387 0;0
1344 KEY_B -32677;2418 0;0
1345 NONE -32677;2418 0;0
1346 NONE -32679;2387 0;0
1347 NONE -32679;2387 0;0
1348 NONE -32677;2420 0;0
1349 NONE -32679;2389 0;0
1350 NONE -32679;2387 0;0
1351 NONE -32679;2387 0;0
1352 NONE -32677;2418 0;0
1353 NONE -32679;2389 0;0
1354 NONE -32677;2418 0;0
1355 NONE -32679;2387 0;0
1356 NONE -32677;2418 0;0
1357 NONE -32680;2385 0;0
1358 NONE -32677;2416 0;0
1359 NONE -32682;2356 0;0
1360 NONE -32677;2416 0;0
1361 NONE -32680;2385 0;0
1362 NONE -32677;2418 0;0
1363 NONE -32677;2418 0;0
1364 NONE -32677;2416 0;0
1365 NONE -32677;2416 0;0
1366 NONE -32677;2416 0;0
1367 NONE -32679;2389 0;0
1368 NONE -32680;2385 0;0
1369 NONE -32682;2358 0;0
1370 NONE -32680;2385 0;0
1371 NONE -32677;2416 0;0
1372 NONE -32680;2385 0;0
1373 NONE -32682;2353 0;0
1374 NONE -32679;2387 0;0
1375 NONE -32679;2387 0;0
1376 NONE -32680;2383 0;0
1377 NONE -32677;2416 0;0
1378 NONE -32677;2416 0;0
1379 NONE -32680;2383 0;0
1380 NONE -32677;2418 0;0
1381 NONE -19613;1338 0;0
1413 NONE 456;-2026 0;0
1414 NONE 1215;-10163 0;0
1415 NONE 1577;-20238 0;0
1416 NONE 1567;-32729 0;0
1417 NONE 1511;-32732 0;0
1418 NONE 1405;-32736 0;0
1419 NONE 1351;-32739 0;0
1420 NONE 1297;-32741 0;0
1421 NONE 1323;-32740 0;0
1422 NONE 1324;-32740 0;0
1423 NONE 1296;-32741 0;0
1424 NONE 1350;-32739 0;0
1425 NONE 1324;-32740 0;0
1426 NONE 1324;-32740 0;0
1427 NONE 1323;-32740 0;0
1428 NONE 1348;-32739 0;0
1429 NONE 1323;-32740 0;0
1430 NONE 1322;-32740 0;0
1431 NONE 1322;-32740 0;0
1432 NONE 1323;-32740 0;0
1433 NONE 1350;-32739 0;0
1434 NONE 1401;-32737 0;0
1435 NONE 1643;-32725 0;0
1436 NONE 1777;-32718 0;0
1437 NONE 1992;-32706 0;0
1438 NONE 2074;-32701 0;0
1439 NONE 2126;-32697 0;0
1440 NONE 2153;-32696 0;0
1441 NONE 2180;-32694 0;0
1442 NONE 2155;-32696 0;0
1443 NONE 2128;-32697 0;0
1444 NONE 2153;-32696 0;0
1445 NONE 2155;-32696 0;0
1446 NONE 2128;-32697 0;0
1447 NONE 2128;-32697 0;0
1448 NONE 2128;-32697 0;0
1449 NONE 2126;-32697 0;0
1450 NONE 2155;-32696 0;0
1451 NONE 2155;-32696 0;0
1452 NONE 2128;-32697 0;0
1453 NONE 2099;-32699 0;0
1454 NONE 2101;-32699 0;0
1455 NONE 2049;-32702 0;0
1456 NONE 2048;-32702 0;0
1457 NONE 2019;-32704 0;0
1458 NONE 1994;-32706 0;0
1459 NONE 1994;-32706 0;0
1460 NONE 1938;-32709 0;0
1461 NONE 1994;-32706 0;0
1462 NONE 1967;-32707 0;0
1463 NONE 1967;-32707 0;0
1464 NONE 1940;-32709 0;0
1465 NONE 1940;-32709 0;0
1466 NONE 1967;-32707 0;0
1467 NONE 1938;-32709 0;0
1468 NONE 1913;-32711 0;0
1469 NONE 1938;-32709 0;0
1470 NONE 1965;-32707 0;0
1471 NONE 1942;-32709 0;0
1472 NONE 1940;-32709 0;0
1473 NONE 1967;-32707 0;0
1474 NONE 1938;-32709 0;0
1475 NONE 1965;-32707 0;0
1476 NONE 1994;-32706 0;0
1477 NONE 1912;-32711 0;0
1478 NONE 1937;-32709 0;0
1479 NONE 1940;-32709 0;0
1480 NONE 1940;-32709 0;0
1481 NONE 1940;-32709 0;0
1482 NONE 1942;-32709 0;0
1483 NONE 1888;-32712 0;0
1484 NONE 1834;-32715 0;0
1485 NONE 1779;-32718 0;0
1486 NONE 1725;-32721 0;0
1487 NONE 1616;-32727 0;0
1488 NONE 1268;-32742 0;0
1489 NONE 1079;-32749 0;0
1490 NONE 945;-32753 0;0
1491 NONE 755;-32758 0;0
1492 NONE 647;-32760 0;0
1493 NONE 620;-32761 0;0
1494 NONE 567;-32762 0;0
1495 NONE 539;-32762 0;0
1496 NONE 513;-32762 0;0
1497 NONE 350;-32765 0;0
1498 NONE -284;-32765 0;0
1499 NONE -570;-32762 0;0
1500 NONE -961;-32752 0;0
1501 NONE 303;-5960 0;0
1533 NONE -2087;4838 0;0
1534 NONE -7073;11058 0;0
1535 NONE -13275;17906 0;0
1536 NONE -21623;24618 0;0
1537 NONE -22534;23787 0;0
1538 NONE -22715;23615 0;0
1539 NONE -23092;23246 0;0
1540 NONE -23943;22369 0;0
1541 NONE -25437;20654 0;0
1542 NONE -26376;19440 0;0
1543 NONE -26751;18921 0;0
1544 NONE -27056;18482 0;0
1545 NONE -27361;18028 0;0
1546 NONE -27628;17616 0;0
1547 NONE -27991;17033 0;0
1548 NONE -28430;16291 0;0
1549 NONE -29355;14558 0;0
1550 NONE -29803;13617 0;0
1551 NONE -30386;12260 0;0
1552 NONE -30589;11745 0;0
1553 NONE -30768;11268 0;0
1554 NONE -31662;8437 0;0
1555 NONE -32075;6698 0;0
1556 NONE -32321;5383 0;0
1557 NONE -32492;4230 0;0
1558 NONE -32528;3943 0;0
1559 NONE -32537;3871 0;0
1560 NONE -32533;3905 0;0
1561 NONE -32541;3840 0;0
1562 NONE -32537;3867 0;0
1563 NONE -32537;3867 0;0
1564 NONE -32537;3874 0;0
1565 NONE -32541;3836 0;0
1566 NONE -32537;3867 0;0
1567 NONE -32537;3867 0;0
1568 NONE -32534;3898 0;0
1569 NONE -32537;3867 0;0
1570 NONE -32541;3840 0;0
1571 NONE -32541;3836 0;0
1572 NONE -32537;3867 0;0
1573 NONE -32534;3898 0;0
1574 NONE -32537;3867 0;0
1575 NONE -32537;3867 0;0
1576 NONE -32534;3898 0;0
1577 NONE -32533;3905 0;0
1578 NONE -32537;3867 0;0
1579 NONE -32537;3871 0;0
1580 NONE -32537;3871 0;0
1581 NONE -32537;3871 0;0
1582 NONE -32541;3840 0;0
1583 NONE -32569;3588 0;0
1584 NONE -22731;2793 0;0
1643 NONE -2144;264 0;0
1644 NONE -32676;-2434 0;0
1645 NONE -32578;-3511 0;0
1646 NONE -32378;-5029 0;0
1647 NONE -32344;-5247 0;0
1648 NONE -32329;-5333 0;0
1649 NONE -32324;-5369 0;0
1650 NONE -32324;-5364 0;0
1651 NONE -32325;-5359 0;0
1652 NONE -32320;-5389 0;0
1653 NONE -32315;-5420 0;0
1654 NONE -32321;-5384 0;0
1655 NONE -32315;-5420 0;0
1656 NONE -32315;-5420 0;0
1657 NONE -32311;-5445 0;0
1658 NONE -32311;-5445 0;0
1659 NONE -32305;-5480 0;0
1660 NONE -32295;-5536 0;0
1661 NONE -32300;-5510 0;0
1662 NONE -32306;-5475 0;0
1663 NONE -32306;-5475 0;0
1664 NONE -32306;-5475 0;0
1665 NONE -32295;-5541 0;0
1666 NONE -32301;-5505 0;0
1667 NONE -32299;-5515 0;0
1668 NONE -32300;-5510 0;0
1669 NONE -32301;-5505 0;0
1670 NONE -32301;-5501 0;0
1671 NONE -32294;-5546 0;0
1672 NONE -32301;-5505 0;0
1673 NONE -32295;-5541 0;0
1674 NONE -32299;-5515 0;0
1675 NONE -32300;-5510 0;0
1676 NONE -32294;-5546 0;0
1677 NONE -32289;-5571 0;0
1678 NONE -32295;-5541 0;0
1679 NONE -32290;-5566 0;0
1680 NONE -32275;-5656 0;0
1681 NONE -32252;-5782 0;0
1682 NONE -32247;-5812 0;0
1683 NONE -32245;-5823 0;0
1684 NONE -32246;-5817 0;0
1685 NONE -32523;-3988 0;0
1686 NONE -26160;-1659 0;0
1831 NONE -28730;-2847 0;0
1832 NONE -32524;-3983 0;0
1833 NONE -32512;-4075 0;0
1834 NONE -32516;-4041 0;0
1835 NONE -32520;-4010 0;0
1836 NONE -32522;-3992 0;0
1837 NONE -32569;-3588 0;0
1838 NONE -32590;-3398 0;0
1839 NONE -32593;-3368 0;0
1840 NONE -32596;-3334 0;0
1841 NONE -32596;-3337 0;0
1842 NONE -32593;-3368 0;0
1843 NONE -32599;-3307 0;0
1844 NONE -32596;-3337 0;0
1845 NONE -32593;-3368 0;0
1846 NONE -32593;-3365 0;0
1847 NONE -32596;-3334 0;0
1848 NONE -32593;-3365 0;0
1849 NONE -32593;-3365 0;0
1850 NONE -32596;-3334 0;0
1851 NONE -32593;-3365 0;0
1852 NONE -32593;-3365 0;0
1853 NONE -32593;-3365 0;0
1854 NONE -32594;-3362 0;0
1855 NONE -32594;-3362 0;0
1856 NONE -32596;-3334 0;0
1857 NONE -32594;-3362 0;0
1858 NONE -32596;-3334 0;0
1859 NONE -32596;-3334 0;0
1860 NONE -32593;-3368 0;0
1861 NONE -32596;-3334 0;0
1862 NONE -32597;-3331 0;0
1863 NONE -32596;-3334 0;0
1864 NONE -32599;-3304 0;0
1865 NONE -32594;-3362 0;0
1866 NONE -32596;-3337 0;0
1867 NONE -32596;-3334 0;0
1868 NONE -32593;-3368 0;0
1869 NONE -32593;-3365 0;0
1870 NONE -32594;-3362 0;0
1871 NONE -32593;-3365 0;0
1872 NONE -32593;-3365 0;0
1873 NONE -32597;-3331 0;0
1874 NONE -32593;-3365 0;0
1875 NONE -32596;-3334 0;0
1876 NONE -32593;-3365 0;0
1877 NONE -32593;-3365 0;0
1878 NONE -32597;-3331 0;0
1879 NONE -32596;-3334 0;0
1880 NONE -32593;-3365 0;0
1881 NONE -32593;-3365 0;0
1882 NONE -32596;-3337 0;0
1883 NONE -32593;-3365 0;0
1884 NONE -32593;-3365 0;0
1885 NONE -32594;-3362 0;0
1886 NONE -32554;-3727 0;0
1887 NONE -32113;-6509 0;0
1888 NONE -29577;-9983 0;0
1889 NONE -13136;-14446 0;0
1899 NONE -297;823 0;0
1900 NONE -5861;17925 0;0
1901 NONE -9997;31204 0;0
1902 NONE -9863;31247 0;0
1903 NONE -9512;31355 0;0
1904 NONE -9083;31482 0;0
1905 NONE -6870;32038 0;0
1906 NONE -3881;32536 0;0
1907 NONE -1426;32735 0;0
1908 NONE -838;32756 0;0
1909 NONE -502;32763 0;0
1910 NONE 871;32755 0;0
1911 NONE 1427;32735 0;0
1912 NONE 1849;32714 0;0
1913 NONE 2664;32658 0;0
1914 NONE 3989;32523 0;0
1915 NONE 4011;32520 0;0
1916 NONE 4739;32422 0;0
1917 NONE 6554;32104 0;0
1918 NONE 7424;31914 0;0
1919 NONE 8866;31544 0;0
1920 NONE 10164;31150 0;0
1921 NONE 13593;29814 0;0
1922 NONE 14924;29170 0;0
1923 NONE 15668;28778 0;0
1924 NONE 15775;28719 0;0
1925 NONE 15851;28677 0;0
1926 NONE 15880;28661 0;0
1927 NONE 15903;28649 0;0
1928 NONE 15885;28658 0;0
1929 NONE 15927;28635 0;0
1930 NONE 15920;28639 0;0
1931 NONE 15916;28641 0;0
1932 NONE 15992;28599 0;0
1933 NONE 15956;28619 0;0
1934 NONE 15980;28605 0;0
1935 NONE 15987;28602 0;0
1936 NONE 15952;28621 0;0
1937 NONE 15969;28611 0;0
1938 NONE 15963;28615 0;0
1939 NONE 15969;28611 0;0
1940 NONE 15980;28605 0;0
1941 NONE 16009;28589 0;0
1942 NONE 15987;28602 0;0
1943 NONE 15969;28611 0;0
1944 NONE 15956;28619 0;0
1945 NONE 15969;28611 0;0
1946 NONE 15952;28621 0;0
1947 NONE 15791;28710 0;0
1948 NONE 15556;28838 0;0
1949 NONE 15126;29066 0;0
1950 NONE 14316;29473 0;0
1951 NONE 14082;29586 0;0
1952 NONE 13945;29651 0;0
1953 NONE 13836;29702 0;0
1954 NONE 13795;29721 0;0
1955 NONE 13776;29730 0;0
1956 NONE 13736;29748 0;0
1957 NONE 13646;29790 0;0
1958 NONE 13656;29785 0;0
1959 NONE 13585;29817 0;0
1960 NONE 13495;29858 0;0
1961 NONE 12984;30084 0;0
1962 NONE 11119;30822 0;0
1963 NONE 9779;31273 0;0
1964 NONE 8998;31507 0;0
1965 KEY_B 8027;31768 0;0
1966 KEY_B 7185;31969 0;0
1967 KEY_B 6675;32079 0;0
1968 KEY_B 5069;32372 0;0
1969 KEY_B 4033;32517 0;0
1970 KEY_B 3844;32540 0;0
1971 KEY_B 3192;32611 0;0
1972 KEY_B 2716;32654 0;0
1973 KEY_B 2296;32686 0;0
1974 KEY_B 1717;32721 0;0
1975 KEY_B 1347;32739 0;0
1976 KEY_B 1083;32749 0;0
1977 NONE 898;32754 0;0
1978 NONE 765;32758 0;0
1979 NONE 343;32765 0;0
1980 NONE -502;32763 0;0
1981 NONE -668;32760 0;0
1982 NONE -669;32760 0;0
1983 NONE -669;32760 0;0
1984 NONE -697;32759 0;0
1985 NONE -669;32760 0;0
1986 NONE -752;32758 0;0
1987 NONE -836;32756 0;0
1988 NONE -865;32755 0;0
1989 NONE -1115;32748 0;0
1990 NONE -1808;32717 0;0
1991 NONE -2283;32687 0;0
1992 NONE -3137;32616 0;0
1993 NONE -3549;32574 0;0
1994 NONE -3853;32539 0;0
1995 NONE -4150;32503 0;0
1996 KEY_B -4367;32474 0;0
1997 KEY_B -4616;32440 0;0
1998 KEY_B -4936;32393 0;0
1999 KEY_B -5365;32324 0;0
2000 KEY_B -5713;32265 0;0
2001 KEY_B -6506;32114 0;0
2002 NONE -7184;31969 0;0
2003 NONE -8278;31704 0;0
2004 NONE -9348;31405 0;0
2005 NONE -9722;31291 0;0
2006 NONE -10181;31145 0;0
2007 NONE -10923;30892 0;0
2008 NONE -11309;30753 0;0
2009 NONE -11415;30714 0;0
2010 NONE -11410;30715 0;0
2011 NONE -11424;30710 0;0
2012 NONE -11309;30753 0;0
2013 NONE -8519;31640 0;0
2014 NONE -6899;32032 0;0
2015 NONE -5819;32246 0;0
2016 NONE -4557;32448 0;0
2017 NONE -3850;32540 0;0
2018 NONE -3546;32574 0;0
2019 NONE -3439;32585 0;0
2020 NONE -3354;32594 0;0
2021 NONE -3082;32621 0;0
2022 NONE -948;32753 0;0
2023 NONE -752;32758 0;0
2024 NONE -502;32763 0;0
2025 NONE 264;32765 0;0
2026 NONE 449;32763 0;0
2027 NONE 581;32761 0;0
2028 NONE 660;32760 0;0
2029 NONE 634;32760 0;0
2030 NONE 660;32760 0;0
2031 NONE 687;32759 0;0
2032 NONE 660;32760 0;0
2033 NONE 660;32760 0;0
2034 NONE 633;32760 0;0
2035 NONE 608;32761 0;0
2036 NONE 660;32760 0;0
2037 NONE 608;32761 0;0
2038 NONE 555;32762 0;0
2039 NONE 555;32762 0;0
2040 NONE 528;32762 0;0
2041 NONE 396;32764 0;0
2042 NONE 132;32766 0;0
2043 NONE -195;32766 0;0
2044 NONE -417;32764 0;0
2045 NONE -446;32763 0;0
2046 NONE -474;32763 0;0
2047 NONE -474;32763 0;0
2048 NONE -446;32763 0;0
2049 NONE -529;32762 0;0
2050 NONE -696;32759 0;0
2051 NONE -807;32757 0;0
2052 NONE -975;32752 0;0
2053 NONE -1589;32728 0;0
2054 NONE -3990;32523 0;0
2055 NONE -3333;14813 0;0
2101 NONE -114;-1529 0;0
2102 NONE 920;-12045 0;0
2103 NONE 8462;-31655 0;0
2104 NONE 9613;-31325 0;0
2105 NONE 9613;-31325 0;0
2106 NONE 9637;-31317 0;0
2107 NONE 9621;-31322 0;0
2108 NONE 9613;-31325 0;0
2109 NONE 9613;-31325 0;0
2110 NONE 9589;-31332 0;0
2111 NONE 9589;-31332 0;0
2112 NONE 9565;-31339 0;0
2113 NONE 9532;-31349 0;0
2114 NONE 9557;-31342 0;0
2115 NONE 9557;-31342 0;0
2116 NONE 9557;-31342 0;0
2117 NONE 9557;-31342 0;0
2118 NONE 9541;-31347 0;0
2119 NONE 9516;-31354 0;0
2120 NONE 9492;-31361 0;0
2121 NONE 9484;-31364 0;0
2122 NONE 9500;-31359 0;0
2123 NONE 9444;-31376 0;0
2124 NONE 9428;-31381 0;0
2125 NONE 9468;-31369 0;0
2126 NONE 9444;-31376 0;0
2127 NONE 9339;-31407 0;0
2128 NONE 9291;-31422 0;0
2129 NONE 9226;-31441 0;0
2130 NONE 9169;-31457 0;0
2131 NONE 9185;-31453 0;0
2132 NONE 9120;-31472 0;0
2133 NONE 9096;-31479 0;0
2134 NONE 9111;-31474 0;0
2135 NONE 9071;-31486 0;0
2136 NONE 9047;-31493 0;0
2137 NONE 8998;-31507 0;0
2138 NONE 9030;-31497 0;0
2139 NONE 8966;-31516 0;0
2140 NONE 8990;-31509 0;0
2141 NONE 8998;-31507 0;0
2142 NONE 9015;-31502 0;0
2143 NONE 9006;-31504 0;0
2144 NONE 8974;-31514 0;0
2145 NONE 8990;-31509 0;0
2146 NONE 8974;-31514 0;0
2147 NONE 8983;-31511 0;0
2148 NONE 8974;-31514 0;0
2149 NONE 8974;-31514 0;0
2150 NONE 8934;-31525 0;0
2151 NONE 8934;-31525 0;0
2152 NONE 8934;-31525 0;0
2153 NONE 8934;-31525 0;0
2154 NONE 8966;-31516 0;0
2155 NONE 8957;-31518 0;0
2156 NONE 8909;-31532 0;0
2157 NONE 8942;-31523 0;0
2158 NONE 8949;-31521 0;0
2159 NONE 8942;-31523 0;0
2160 NONE 8926;-31527 0;0
2161 NONE 8892;-31537 0;0
2162 NONE 8966;-31516 0;0
2163 NONE 8926;-31527 0;0
2164 NONE 8934;-31525 0;0
2165 NONE 8942;-31523 0;0
2166 NONE 8942;-31523 0;0
2167 NONE 8949;-31521 0;0
2168 NONE 8909;-31532 0;0
2169 NONE 8917;-31530 0;0
2170 NONE 8934;-31525 0;0
2171 NONE 8949;-31521 0;0
2172 NONE 8909;-31532 0;0
2173 NONE 8949;-31521 0;0
2174 NONE 8934;-31525 0;0
2175 NONE 8909;-31532 0;0
2176 NONE 8917;-31530 0;0
2177 NONE 8917;-31530 0;0
2178 NONE 8892;-31537 0;0
2179 NONE 8843;-31550 0;0
2180 NONE 8819;-31557 0;0
2181 NONE 8811;-31559 0;0
2182 NONE 8851;-31548 0;0
2183 NONE 8738;-31580 0;0
2184 NONE 8516;-31640 0;0
2185 NONE 8449;-31658 0;0
2186 NONE 8292;-31700 0;0
2187 NONE 7904;-31799 0;0
2188 NONE 7577;-31878 0;0
2189 NONE 7450;-31908 0;0
2190 NONE 7393;-31921 0;0
2191 NONE 7349;-31932 0;0
2192 NONE 7317;-31939 0;0
2193 NONE 7292;-31945 0;0
2194 NONE 7349;-31932 0;0
2195 NONE 7342;-31933 0;0
2196 NONE 7349;-31932 0;0
2197 NONE 7330;-31936 0;0
2198 NONE 7311;-31940 0;0
2199 NONE 7292;-31945 0;0
2200 NONE 7311;-31940 0;0
2201 NONE 7323;-31938 0;0
2202 NONE 7387;-31923 0;0
2203 NONE 8590;-31620 0;0
2204 NONE 10252;-31121 0;0
2205 NONE 13556;-29831 0;0
2206 NONE 15179;-29038 0;0
2207 NONE 16510;-28303 0;0
2208 NONE 18095;-27316 0;0
2209 NONE 18751;-26871 0;0
2210 NONE 18806;-26832 0;0
2211 NONE 18819;-26823 0;0
2212 NONE 18819;-26823 0;0
2213 NONE 18806;-26832 0;0
2214 NONE 18819;-26823 0;0
2215 NONE 18798;-26838 0;0
2216 NONE 18802;-26835 0;0
2217 NONE 18966;-26720 0;0
2218 NONE 19927;-26010 0;0
2219 NONE 21271;-24923 0;0
2220 NONE 23010;-23327 0;0
2221 NONE 25802;-20197 0;0
2222 NONE 29099;-15062 0;0
2223 NONE 31968;-7191 0;0
2224 NONE 32594;-3355 0;0
2225 NONE 32648;-2779 0;0
2226 NONE 32678;-2409 0;0
2227 NONE 32684;-2320 0;0
2228 NONE 32698;-2120 0;0
2229 NONE 32729;-1573 0;0
2230 NONE 32747;-1144 0;0
2231 NONE 32749;-1085 0;0
2232 NONE 32753;-941 0;0
2233 NONE 32762;-542 0;0
2234 NONE 32764;-370 0;0
2235 KEY_B 32767;29 0;0
2236 KEY_B 32765;322 0;0
2237 KEY_B 32762;555 0;0
2238 KEY_B 32758;731 0;0
2239 KEY_B 32756;820 0;0
2240 KEY_B 32755;849 0;0
2241 KEY_B 32754;907 0;0
2242 KEY_B 32752;966 0;0
2243 KEY_B 32750;1054 0;0
2244 KEY_B 32734;1462 0;0
2245 KEY_B 32724;1667 0;0
2246 KEY_B 32716;1813 0;0
2247 KEY_B 32710;1928 0;0
2248 KEY_B 32708;1957 0;0
2249 KEY_B 32679;2393 0;0
2250 NONE 32639;2889 0;0
2251 NONE 32603;3267 0;0
2252 NONE 32573;3553 0;0
2253 NONE 32524;3980 0;0
2254 NONE 32460;4472 0;0
2255 NONE 32429;4693 0;0
2256 NONE 32411;4810 0;0
2257 NONE 32412;4806 0;0
2258 NONE 32411;4814 0;0
2259 NONE 32410;4817 0;0
2260 NONE 32413;4803 0;0
2261 NONE 32411;4810 0;0
2262 NONE 32416;4782 0;0
2263 NONE 32411;4814 0;0
2264 NONE 32346;5234 0;0
2265 NONE 32225;5930 0;0
2266 NONE 32173;6207 0;0
2267 NONE 32032;6899 0;0
2268 NONE 32037;6877 0;0
2269 NONE 32031;6904 0;0
2270 NONE 31923;7384 0;0
2323 NONE -32;299 0;0
2324 NONE -469;8016 0;0
2325 NONE -438;15418 0;0
2326 NONE 1540;17845 0;0
2327 NONE 7858;20625 0;0
2328 NONE 23074;23264 0;0
2329 NONE 24549;21702 0;0
2330 NONE 27438;17911 0;0
2331 NONE 28261;16582 0;0
2332 NONE 28339;16448 0;0
2333 NONE 28359;16414 0;0
2334 NONE 28391;16358 0;0
2335 NONE 28404;16336 0;0
2336 NONE 28397;16347 0;0
2337 NONE 28410;16325 0;0
2338 NONE 28398;16346 0;0
2339 NONE 28391;16358 0;0
2340 NONE 25694;18694 0;0
2341 NONE 7032;10099 0;0
2357 NONE 720;7951 0;0
2358 NONE 12717;19863 0;0
2359 NONE 21737;24518 0;0
2360 NONE 22090;24201 0;0
2361 NONE 22537;23785 0;0
2362 NONE 22993;23344 0;0
2363 NONE 23534;22799 0;0
2364 NONE 23678;22649 0;0
2365 NONE 23666;22662 0;0
2366 NONE 23678;22649 0;0
2367 NONE 23652;22677 0;0
2368 NONE 23652;22677 0;0
2369 NONE 19193;25752 0;0
2370 NONE 6343;9850 0;0
2382 NONE -200;6994 0;0
2383 NONE 1692;10217 0;0
2384 NONE 7417;15654 0;0
2385 NONE 22983;20174 0;0
2386 NONE 27141;18357 0;0
2387 NONE 27781;17373 0;0
2388 NONE 29431;14404 0;0
2389 NONE 29617;14016 0;0
2390 NONE 29639;13969 0;0
2391 NONE 29633;13984 0;0
2392 NONE 29633;13984 0;0
2393 NONE 29617;14016 0;0
2394 NONE 28676;15853 0;0
2395 NONE 28466;16227 0;0
2396 NONE 27819;17313 0;0
2397 NONE 9038;15100 0;0
2398 NONE -217;3094 0;0
2414 NONE 11294;5874 0;0
2415 NONE 32154;6307 0;0
2416 NONE 32183;6157 0;0
2417 NONE 32191;6114 0;0
2418 NONE 32191;6113 0;0
2419 NONE 32191;6113 0;0
2420 NONE 32188;6127 0;0
2421 NONE 32208;6022 0;0
2422 NONE 32197;6084 0;0
2423 NONE 32169;6227 0;0
2424 NONE 31961;7218 0;0
2425 NONE 31484;9076 0;0
2426 NONE 31137;10205 0;0
2427 NONE 31086;10360 0;0
2428 NONE 30548;11852 0;0
2429 NONE 7813;5845 0;0
2441 NONE 188;524 0;0
2442 NONE 14568;11890 0;0
2443 NONE 30547;11854 0;0
2444 NONE 30767;11272 0;0
2445 NONE 30808;11159 0;0
2446 NONE 30823;11116 0;0
2447 NONE 30836;11081 0;0
2448 NONE 30829;11099 0;0
2449 NONE 30836;11081 0;0
2450 NONE 30845;11055 0;0
2451 NONE 30833;11090 0;0
2452 NONE 30836;11081 0;0
2453 NONE 30826;11108 0;0
2454 NONE 29167;12112 0;0
2455 NONE 377;735 0;0
2468 NONE 4605;4238 0;0
2469 NONE 31224;9934 0;0
2470 NONE 31290;9724 0;0
2471 NONE 31286;9736 0;0
2472 NONE 31298;9698 0;0
2473 NONE 31422;9288 0;0
2474 NONE 31638;8523 0;0
2475 NONE 31657;8453 0;0
2476 NONE 31665;8425 0;0
2477 NONE 31655;8460 0;0
2478 NONE 31667;8418 0;0
2479 NONE 31663;8432 0;0
2480 NONE 31695;8312 0;0
2481 NONE 31941;7306 0;0
2482 NONE 27281;7217 0;0
2483 NONE 4726;3334 0;0
2494 NONE 7616;4764 0;0
2495 NONE 31862;7646 0;0
2496 NONE 31964;7207 0;0
2497 NONE 32008;7008 0;0
2498 NONE 32090;6621 0;0
2499 NONE 32102;6564 0;0
2500 NONE 32101;6569 0;0
2501 NONE 32100;6575 0;0
2502 NONE 32104;6554 0;0
2503 NONE 32096;6593 0;0
2504 NONE 32103;6559 0;0
2505 NONE 32097;6588 0;0
2506 NONE 32100;6575 0;0
2507 NONE 32110;6525 0;0
2508 NONE 32096;6593 0;0
2509 NONE 32096;6593 0;0
2510 NONE 32103;6559 0;0
2511 NONE 32121;6472 0;0
2512 NONE 32114;6505 0;0
2513 NONE 32115;6500 0;0
2514 NONE 29611;6837 0;0
2515 NONE 8665;1952 0;0
2530 NONE 3721;1513 0;0
2531 NONE 6494;2169 0;0
2532 NONE 6705;2309 0;0
2533 NONE 6740;2315 0;0
2534 NONE 6677;2325 0;0
2535 NONE 2904;1421 0;0
2583 NONE 5196;2953 0;0
2584 NONE 18083;9763 0;0
2585 NONE 30819;11127 0;0
2586 NONE 30819;11127 0;0
2587 NONE 30816;11135 0;0
2588 NONE 30838;11074 0;0
2589 NONE 30857;11023 0;0
2590 NONE 30874;10974 0;0
2591 NONE 30889;10932 0;0
2592 NONE 30889;10932 0;0
2593 NONE 30890;10930 0;0
2594 NONE 30889;10932 0;0
2595 NONE 30895;10915 0;0
2596 NONE 30883;10950 0;0
2597 NONE 30886;10940 0;0
2598 NONE 30895;10914 0;0
2599 NONE 30479;12027 0;0
2600 NONE 8514;5939 0;0
2620 NONE 3176;-187 0;0
2621 NONE 16760;-415 0;0
2622 NONE 32764;-402 0;0
2623 NONE 32764;441 0;0
2624 NONE 32724;1674 0;0
2625 NONE 32658;2669 0;0
2626 NONE 32638;2902 0;0
2627 NONE 32630;2990 0;0
2628 NONE 32622;3072 0;0
2629 NONE 32602;3280 0;0
2630 NONE 32575;3540 0;0
2631 NONE 32518;4031 0;0
2632 NONE 32409;4829 0;0
2633 NONE 32274;5658 0;0
2634 NONE 32167;6237 0;0
2635 NONE 32156;6297 0;0
2636 NONE 32150;6325 0;0
2637 NONE 32156;6297 0;0
2638 NONE 32161;6269 0;0
2639 NONE 32156;6297 0;0
2640 NONE 32156;6297 0;0
2641 NONE 32154;6307 0;0
2642 NONE 32163;6260 0;0
2643 NONE 32150;6325 0;0
2644 NONE 32151;6320 0;0
2645 NONE 32158;6287 0;0
2646 NONE 32149;6329 0;0
2647 NONE 21951;6772 0;0
2648 NONE 1204;2074 0;0
2669 NONE 3008;1384 0;0
2670 NONE 11254;3636 0;0
2671 NONE 22301;5372 0;0
2672 NONE 32322;5380 0;0
2673 NONE 32319;5396 0;0
2674 NONE 32278;5635 0;0
2675 NONE 32230;5903 0;0
2676 NONE 32223;5941 0;0
2677 NONE 32211;6008 0;0
2678 NONE 32207;6027 0;0
2679 NONE 32206;6032 0;0
2680 NONE 32202;6056 0;0
2681 NONE 32197;6084 0;0
2682 NONE 32197;6084 0;0
2683 NONE 32191;6113 0;0
2684 NONE 32200;6065 0;0
2685 NONE 32202;6056 0;0
2686 NONE 32190;6117 0;0
2687 NONE 32202;6056 0;0
2688 NONE 32197;6084 0;0
2689 NONE 32201;6060 0;0
2690 NONE 32201;6060 0;0
2691 NONE 32197;6084 0;0
2692 NONE 32191;6113 0;0
2693 NONE 32197;6084 0;0
2694 NONE 32198;6079 0;0
2695 NONE 32189;6122 0;0
2696 NONE 32197;6084 0;0
2697 NONE 32201;6060 0;0
2698 NONE 32202;6056 0;0
2699 NONE 32197;6084 0;0
2700 NONE 32197;6084 0;0
2701 NONE 32196;6089 0;0
2702 NONE 32201;6060 0;0
2703 NONE 32198;6079 0;0
2704 NONE 32197;6084 0;0
2705 NONE 32198;6079 0;0
2706 NONE 32197;6084 0;0
2707 NONE 32197;6084 0;0
2708 NONE 32103;6562 0;0
2709 NONE 31771;8015 0;0
2710 NONE 31672;8397 0;0
2711 NONE 31353;9520 0;0
2712 NONE 31048;10473 0;0
2713 NONE 30976;10684 0;0
2714 NONE 30923;10836 0;0
2715 NONE 30463;12069 0;0
2716 NONE 18390;11768 0;0
2717 NONE 6115;8523 0;0
2768 NONE -11;78 0;0
2769 NONE -721;17190 0;0
2770 NONE -883;32685 0;0
2771 NONE -791;32757 0;0
2772 NONE -761;32758 0;0
2773 NONE -731;32758 0;0
2774 NONE -732;32758 0;0
2775 NONE -787;32757 0;0
2776 NONE -759;32758 0;0
2777 NONE -757;32758 0;0
2778 NONE -730;32758 0;0
2779 NONE -758;32758 0;0
2780 NONE -729;32758 0;0
2781 NONE -730;32758 0;0
2782 NONE -757;32758 0;0
2783 NONE -757;32758 0;0
2784 NONE -813;32756 0;0
2785 NONE -1094;32748 0;0
2786 NONE -1736;32720 0;0
2787 NONE -2152;32696 0;0
2788 NONE -2238;32690 0;0
2789 NONE -2349;32682 0;0
2790 NONE -2349;32682 0;0
2791 NONE -2379;32680 0;0
2792 NONE -2437;32676 0;0
2793 NONE -2685;32656 0;0
2794 NONE -3016;32627 0;0
2795 NONE -3212;32609 0;0
2796 NONE -3320;32598 0;0
2797 NONE -3406;32589 0;0
2798 NONE -3378;32592 0;0
2799 NONE -3375;32592 0;0
2800 NONE -3378;32592 0;0
2801 NONE -3348;32595 0;0
2802 NONE -3406;32589 0;0
2803 NONE -3375;32592 0;0
2804 NONE -3378;32592 0;0
2805 NONE -3348;32595 0;0
2806 NONE -3403;32589 0;0
2807 NONE -3348;32595 0;0
2808 NONE -3378;32592 0;0
2809 NONE -3351;32595 0;0
2810 NONE -3289;32601 0;0
2811 NONE -3268;32603 0;0
2812 NONE -3295;32600 0;0
2813 NONE -3243;32606 0;0
2814 NONE -3243;32606 0;0
2815 NONE -3212;32609 0;0
2816 NONE -3129;32617 0;0
2817 NONE -3074;32622 0;0
2818 NONE -3071;32622 0;0
2819 NONE -3074;32622 0;0
2820 NONE -3016;32627 0;0
2821 NONE -2814;32645 0;0
2822 NONE -1986;24664 0;0
2862 NONE -413;3961 0;0
2863 NONE -819;15131 0;0
2864 NONE -1001;24055 0;0
2865 NONE -1155;31003 0;0
2866 NONE -1220;32744 0;0
2867 NONE -1272;32742 0;0
2868 NONE -1269;32742 0;0
2869 NONE -1410;32736 0;0
2870 NONE -1463;32734 0;0
2871 NONE -1604;32727 0;0
2872 NONE -1686;32723 0;0
2873 NONE -1770;32719 0;0
2874 NONE -1825;32716 0;0
2875 NONE -1881;32712 0;0
2876 NONE -1910;32711 0;0
2877 NONE -1966;32707 0;0
2878 NONE -2134;32697 0;0
2879 NONE -1349;11678 0;0
2919 NONE -200;-1685 0;0
2920 NONE -607;-9065 0;0
2921 NONE -768;-18509 0;0
2922 NONE -895;-29387 0;0
2923 NONE -776;-32757 0;0
2924 NONE -671;-32760 0;0
2925 NONE -615;-32761 0;0
2926 NONE -617;-32761 0;0
2927 NONE -559;-32762 0;0
2928 NONE -618;-32761 0;0
2929 NONE -712;-29834 0;0
2930 NONE -716;-18753 0;0
2943 NONE -457;-7472 0;0
2944 NONE -1027;-21201 0;0
2945 NONE -2671;-32657 0;0
2946 NONE -2442;-32675 0;0
2947 NONE -1903;-32711 0;0
2948 NONE -1505;-32732 0;0
2949 NONE -1107;-32748 0;0
2950 NONE -823;-32756 0;0
2951 NONE -738;-32758 0;0
2952 NONE -738;-32758 0;0
2953 NONE -739;-32758 0;0
2954 NONE -766;-32758 0;0
2955 NONE -765;-32758 0;0
2956 NONE -738;-32758 0;0
2957 NONE -765;-32758 0;0
2958 NONE -766;-32758 0;0
2959 NONE -739;-32758 0;0
2960 NONE -766;-32758 0;0
2961 NONE -710;-32759 0;0
2962 NONE -765;-32758 0;0
2963 NONE -737;-32758 0;0
2964 NONE -794;-32757 0;0
2965 NONE -795;-32757 0;0
2966 NONE -795;-32757 0;0
2967 NONE -880;-32755 0;0
2968 NONE -907;-32754 0;0
2969 NONE -992;-32751 0;0
2970 NONE -1077;-32749 0;0
2971 NONE -1219;-32744 0;0
2972 NONE -1191;-32745 0;0
2973 NONE -1190;-32745 0;0
2974 NONE -1192;-32745 0;0
2975 NONE -1220;-32744 0;0
2976 NONE -1191;-32745 0;0
2977 NONE -1220;-32744 0;0
2978 NONE -1191;-32745 0;0
2979 NONE -1247;-32743 0;0
2980 NONE -1363;-32738 0;0
2981 NONE -1419;-32736 0;0
2982 NONE -1557;-32729 0;0
2983 NONE -1562;-32729 0;0
2984 NONE -1614;-32727 0;0
2985 NONE -1614;-32727 0;0
2986 NONE -1672;-32724 0;0
2987 NONE -1642;-32725 0;0
2988 NONE -1587;-32728 0;0
2989 NONE -1588;-32728 0;0
2990 NONE -1614;-32727 0;0
2991 NONE -1644;-32725 0;0
2992 NONE -1618;-32727 0;0
2993 NONE -1645;-32725 0;0
2994 NONE -1670;-32724 0;0
2995 NONE -1617;-32727 0;0
2996 NONE -1614;-32727 0;0
2997 NONE -1644;-32725 0;0
2998 NONE -1644;-32725 0;0
2999 NONE -1645;-32725 0;0
3000 NONE -1644;-32725 0;0
3001 NONE -1644;-32725 0;0
3002 NONE -1672;-32724 0;0
3003 NONE -1645;-32725 0;0
3004 NONE -1614;-32727 0;0
3005 NONE -1617;-32727 0;0
3006 NONE -1645;-32725 0;0
3007 NONE -1648;-32725 0;0
3008 NONE -1645;-32725 0;0
3009 NONE -1645;-32725 0;0
3010 NONE -1648;-32725 0;0
3011 NONE -1645;-32725 0;0
3012 NONE -1730;-32721 0;0
3013 NONE -1673;-32724 0;0
3014 NONE -1673;-32724 0;0
3015 NONE -1728;-32721 0;0
3016 NONE -1675;-32724 0;0
3017 NONE -1757;-32719 0;0
3018 NONE -1700;-32722 0;0
3019 NONE -1676;-32724 0;0
3020 NONE -1702;-32722 0;0
3021 NONE -1702;-32722 0;0
3022 NONE -1702;-32722 0;0
3023 NONE -1700;-32722 0;0
3024 NONE -1700;-32722 0;0
3025 NONE -1730;-32721 0;0
3026 NONE -1730;-32721 0;0
3027 NONE -1702;-32722 0;0
3028 NONE -1705;-32722 0;0
3029 NONE -1702;-32722 0;0
3030 NONE -1728;-32721 0;0
3031 NONE -1758;-32719 0;0
3032 NONE -1702;-32722 0;0
3033 NONE -1672;-32724 0;0
3034 NONE -1730;-32721 0;0
3035 NONE -1730;-32721 0;0
3036 NONE -1700;-32722 0;0
3037 NONE -1730;-32721 0;0
3038 NONE -1728;-32721 0;0
3039 NONE -1732;-32721 0;0
3040 NONE -1757;-32719 0;0
3041 NONE -1700;-32722 0;0
3042 NONE -1700;-32722 0;0
3043 NONE -2073;-32701 0;0
3044 NONE -2717;-32654 0;0
3045 NONE -3275;-32602 0;0
3046 NONE -4699;-32428 0;0
3047 NONE -5874;-32236 0;0
3048 NONE -5696;-20661 0;0
3079 NONE -144;835 0;0
3080 NONE -745;8998 0;0
3081 NONE -712;29905 0;0
3082 NONE 454;32763 0;0
3083 NONE 1545;32730 0;0
3084 NONE 2920;32636 0;0
3085 NONE 4002;32521 0;0
3086 NONE 5374;32323 0;0
3087 NONE 7074;31994 0;0
3088 NONE 7253;31954 0;0
3089 NONE 7284;31946 0;0
3090 NONE 7235;31958 0;0
3091 NONE 7291;31945 0;0
3092 NONE 7297;31944 0;0
3093 NONE 7241;31956 0;0
3094 NONE 7284;31946 0;0
3095 NONE 7259;31952 0;0
3096 NONE 7278;31948 0;0
3097 NONE 7266;31951 0;0
3098 NONE 7228;31959 0;0
3099 NONE 7247;31955 0;0
3100 NONE 7266;31951 0;0
3101 NONE 7266;31951 0;0
3102 NONE 7284;31946 0;0
3103 NONE 7259;31952 0;0
3104 NONE 7266;31951 0;0
3105 NONE 7241;31956 0;0
3106 NONE 7291;31945 0;0
3107 NONE 7253;31954 0;0
3108 NONE 7241;31956 0;0
3109 NONE 6587;32098 0;0
3110 NONE 4051;32515 0;0
3111 NONE 3423;32587 0;0
3112 NONE 2947;32634 0;0
3113 NONE 2873;32640 0;0
3114 NONE 2818;32645 0;0
3115 NONE 2796;32647 0;0
3116 NONE 2820;32645 0;0
3117 NONE 2844;32643 0;0
3118 NONE 2847;32643 0;0
3119 NONE 2815;32645 0;0
3120 NONE 3268;32603 0;0
3121 NONE 3947;32528 0;0
3122 NONE 4137;32504 0;0
3123 NONE 4129;32505 0;0
3124 NONE 4151;32502 0;0
3125 NONE 4597;32442 0;0
3126 NONE 5267;32340 0;0
3127 NONE 6113;32191 0;0
3128 NONE 6662;32082 0;0
3129 NONE 6793;32055 0;0
3130 NONE 6787;32056 0;0
3131 NONE 6768;32060 0;0
3132 NONE 6712;32072 0;0
3133 NONE 6818;32049 0;0
3134 NONE 6787;32056 0;0
3135 NONE 6712;32072 0;0
3136 NONE 4155;32502 0;0
3137 NONE 2291;29884 0;0
3170 NONE -5810;703 0;0
3171 NONE -21452;3089 0;0
3172 NONE -32495;4211 0;0
3173 NONE -32492;4231 0;0
3174 NONE -32506;4119 0;0
3175 NONE -32510;4093 0;0
3176 NONE -32509;4097 0;0
3177 NONE -32508;4106 0;0
3178 NONE -32512;4079 0;0
3179 NONE -32508;4110 0;0
3180 NONE -32508;4106 0;0
3181 NONE -32512;4079 0;0
3182 NONE -32525;3974 0;0
3183 NONE -32524;3978 0;0
3184 NONE -32524;3978 0;0
3185 NONE -32520;4009 0;0
3186 NONE -30255;3420 0;0
3187 NONE -10498;1211 0;0
3203 NONE -63;1149 0;0
3204 NONE -8117;11835 0;0
3205 NONE -21144;21619 0;0
3206 NONE -22612;23713 0;0
3207 NONE -22473;23845 0;0
3208 NONE -22366;23946 0;0
3209 NONE -22290;24017 0;0
3210 NONE -22213;24087 0;0
3211 NONE -22198;24101 0;0
3212 NONE -22152;24144 0;0
3213 NONE -22198;24101 0;0
3214 NONE -22183;24115 0;0
3215 NONE -22198;24101 0;0
3216 NONE -22183;24116 0;0
3217 NONE -22213;24087 0;0
3218 NONE -22198;24101 0;0
3219 NONE -22198;24101 0;0
3220 NONE -22183;24115 0;0
3221 NONE -22152;24144 0;0
3222 NONE -22229;24073 0;0
3223 NONE -22213;24087 0;0
3224 NONE -22183;24115 0;0
3225 NONE -22198;24101 0;0
3226 NONE -22306;24002 0;0
3227 NONE -22457;23861 0;0
3228 NONE -22917;23419 0;0
3229 NONE -23315;23023 0;0
3230 NONE -23788;22533 0;0
3231 NONE -24705;21524 0;0
3232 NONE -25413;20683 0;0
3233 NONE -25826;20166 0;0
3234 NONE -26514;19251 0;0
3235 NONE -26742;18934 0;0
3236 NONE -26921;18679 0;0
3237 NONE -27092;18430 0;0
3238 NONE -27264;18174 0;0
3239 NONE -27402;17965 0;0
3240 NONE -27659;17567 0;0
3241 NONE -27859;17248 0;0
3242 NONE -27988;17039 0;0
3243 NONE -28268;16570 0;0
3244 NONE -28392;16357 0;0
3245 NONE -28825;15580 0;0
3246 NONE -29297;14674 0;0
3247 NONE -29428;14409 0;0
3248 NONE -29577;14101 0;0
3249 NONE -29770;13689 0;0
3250 NONE -29972;13240 0;0
3251 NONE -30177;12767 0;0
3252 NONE -30382;12272 0;0
3253 NONE -30505;11961 0;0
3254 NONE -30565;11807 0;0
3255 NONE -30716;11408 0;0
3256 NONE -31007;10593 0;0
3257 NONE -31387;9408 0;0
3258 NONE -31604;8649 0;0
3259 NONE -31798;7909 0;0
3260 NONE -31905;7462 0;0
3261 NONE -32060;6768 0;0
3262 NONE -32139;6382 0;0
3263 NONE -32199;6070 0;0
3264 NONE -32289;5576 0;0
3265 NONE -32343;5249 0;0
3266 NONE -32393;4932 0;0
3267 NONE -32436;4642 0;0
3268 NONE -32493;4225 0;0
3269 NONE -32530;3927 0;0
3270 NONE -32632;2965 0;0
3271 NONE -32686;2297 0;0
3272 NONE -32703;2039 0;0
3273 NONE -32707;1975 0;0
3274 NONE -32705;2005 0;0
3275 NONE -32707;1975 0;0
3276 NONE -32709;1940 0;0
3277 NONE -32707;1974 0;0
3278 NONE -32707;1974 0;0
3279 NONE -32705;2005 0;0
3280 NONE -32709;1942 0;0
3281 NONE -32705;2005 0;0
3282 NONE -32705;2003 0;0
3283 NONE -32707;1968 0;0
3284 NONE -32709;1938 0;0
3285 NONE -32705;2000 0;0
3286 NONE -32709;1938 0;0
3287 NONE -32705;2002 0;0
3288 NONE -32707;1966 0;0
3289 NONE -32709;1937 0;0
3290 NONE -32707;1970 0;0
3291 NONE -32710;1917 0;0
3292 NONE -32707;1980 0;0
3293 NONE -32707;1982 0;0
3294 NONE -32707;1978 0;0
3295 NONE -32710;1917 0;0
3296 NONE -30812;2031 0;0
3297 NONE -14354;1505 0;0
3346 NONE -633;6899 0;0
3347 NONE -12828;23057 0;0
3348 NONE -20084;25889 0;0
3349 NONE -21589;24649 0;0
3350 NONE -21590;24648 0;0
3351 NONE -21577;24659 0;0
3352 NONE -21409;24805 0;0
3353 NONE -21255;24937 0;0
3354 NONE -21064;25099 0;0
3355 NONE -20972;25175 0;0
3356 NONE -20898;25237 0;0
3357 NONE -20808;25311 0;0
3358 NONE -20765;25347 0;0
3359 NONE -20749;25360 0;0
3360 NONE -20792;25324 0;0
3361 NONE -20765;25347 0;0
3362 NONE -20765;25347 0;0
3363 NONE -20781;25334 0;0
3364 NONE -20749;25360 0;0
3365 NONE -20781;25334 0;0
3366 NONE -20781;25334 0;0
3367 NONE -20765;25347 0;0
3368 NONE -20767;25345 0;0
3369 NONE -20779;25335 0;0
3370 NONE -20751;25358 0;0
3371 NONE -20767;25345 0;0
3372 NONE -20781;25334 0;0
3373 NONE -20737;25369 0;0
3374 NONE -20651;25440 0;0
3375 NONE -20419;25626 0;0
3376 NONE -20309;25713 0;0
3377 NONE -20207;25794 0;0
3378 NONE -19895;26035 0;0
3379 NONE -19599;26258 0;0
3380 NONE -18785;26847 0;0
3381 NONE -17432;27744 0;0
3382 NONE -16290;28430 0;0
3383 NONE -15166;29045 0;0
3384 NONE -12898;30121 0;0
3385 NONE -10844;30920 0;0
3386 NONE -9383;31394 0;0
3387 NONE -6967;32017 0;0
3388 NONE -5272;32339 0;0
3389 NONE -3771;32549 0;0
3390 NONE -1700;32722 0;0
3391 NONE -782;32757 0;0
3392 NONE -613;32761 0;0
3393 NONE -306;32765 0;0
3394 NONE -55;32766 0;0
3395 NONE 131;32766 0;0
3396 NONE 608;32761 0;0
3397 NONE 1110;32748 0;0
3398 NONE 1559;32729 0;0
3399 NONE 2110;32698 0;0
3400 NONE 2480;32672 0;0
3401 NONE 2847;32643 0;0
3402 NONE 3989;32523 0;0
3403 NONE 4833;32408 0;0
3404 KEY_B 6728;32068 0;0
3405 KEY_B 8024;31769 0;0
3406 KEY_B 9242;31436 0;0
3407 KEY_B 10585;31010 0;0
3408 KEY_B 13583;29818 0;0
3409 KEY_B 15042;29110 0;0
3410 KEY_B 15744;28736 0;0
3411 KEY_B 16022;28582 0;0
3412 KEY_B 16197;28483 0;0
3413 KEY_B 16296;28427 0;0
3414 KEY_B 16360;28390 0;0
3415 KEY_B 16417;28357 0;0
3416 KEY_B 16481;28320 0;0
3417 NONE 16745;28165 0;0
3418 NONE 16933;28052 0;0
3419 NONE 17111;27943 0;0
3420 NONE 17377;27779 0;0
3421 NONE 17640;27613 0;0
3422 NONE 17847;27479 0;0
3423 NONE 18315;27170 0;0
3424 NONE 18564;27000 0;0
3425 NONE 18651;26940 0;0
3426 NONE 18707;26901 0;0
3427 NONE 18742;26877 0;0
3428 NONE 18863;26792 0;0
3429 NONE 19266;26504 0;0
3430 NONE 19610;26250 0;0
3431 NONE 19807;26102 0;0
3432 NONE 19863;26059 0;0
3433 NONE 19892;26037 0;0
3434 NONE 19934;26005 0;0
3435 NONE 19930;26008 0;0
3436 NONE 19961;25984 0;0
3437 NONE 19919;26016 0;0
3438 NONE 19986;25965 0;0
3439 NONE 20040;25924 0;0
3440 NONE 20083;25890 0;0
3441 NONE 20110;25869 0;0
3442 NONE 20137;25848 0;0
3443 NONE 20178;25816 0;0
3444 NONE 20260;25752 0;0
3445 NONE 20246;25763 0;0
3446 NONE 20248;25762 0;0
3447 NONE 20259;25753 0;0
3448 NONE 20259;25753 0;0
3449 NONE 20219;25784 0;0
3450 NONE 20246;25763 0;0
3451 NONE 20246;25763 0;0
3452 NONE 20259;25753 0;0
3453 NONE 20232;25774 0;0
3454 NONE 20160;25830 0;0
3455 NONE 19600;26258 0;0
3456 NONE 18853;26799 0;0
3457 NONE 17946;27415 0;0
3458 NONE 16834;28111 0;0
3459 NONE 14983;29140 0;0
3460 NONE 14094;29580 0;0
3461 NONE 11457;30698 0;0
3462 NONE 7605;31872 0;0
3463 NONE 6579;32099 0;0
3464 NONE 4166;32501 0;0
3465 NONE 3669;32560 0;0
3466 NONE 2881;32640 0;0
3467 NONE 2776;32649 0;0
3468 NONE 2697;32655 0;0
3469 NONE 2590;32664 0;0
3470 NONE 2535;32668 0;0
3471 NONE 2145;32696 0;0
3472 NONE 1749;32720 0;0
3473 NONE 1509;32732 0;0
3474 NONE 1376;32738 0;0
3475 NONE 1377;32738 0;0
3476 NONE 1349;32739 0;0
3477 NONE 1297;32741 0;0
3478 NONE 1298;32741 0;0
3479 NONE 1270;32742 0;0
3480 NONE 1270;32742 0;0
3481 NONE 1271;32742 0;0
3482 NONE 1270;32742 0;0
3483 NONE 1271;32742 0;0
3484 NONE 1297;32741 0;0
3485 NONE 1297;32741 0;0
3486 NONE 1297;32741 0;0
3487 NONE 1323;32740 0;0
3488 NONE 1506;32732 0;0
3489 NONE 1981;32707 0;0
3490 NONE 2456;32674 0;0
3491 NONE 2795;32647 0;0
3492 NONE 3866;32538 0;0
3493 NONE 4100;32509 0;0
3494 NONE 5990;32214 0;0
3495 NONE 7234;31958 0;0
3496 NONE 7771;31832 0;0
3497 NONE 7747;31837 0;0
3498 NONE 7430;31913 0;0
3499 NONE 4100;32509 0;0
3500 NONE 1106;32748 0;0
3535 NONE -104;-1289 0;0
3536 NONE 35;-7172 0;0
3537 NONE 2730;-22635 0;0
3538 NONE 8078;-31755 0;0
3539 NONE 8745;-31578 0;0
3540 NONE 8909;-31532 0;0
3541 NONE 9613;-31325 0;0
3542 NONE 9677;-31305 0;0
3543 NONE 9693;-31300 0;0
3544 NONE 9645;-31315 0;0
3545 NONE 9613;-31325 0;0
3546 NONE 9637;-31317 0;0
3547 NONE 9508;-31356 0;0
3548 NONE 9211;-31445 0;0
3549 NONE 8303;-31697 0;0
3550 NONE 7557;-31883 0;0
3551 NONE 7406;-31919 0;0
3552 NONE 7044;-32000 0;0
3553 NONE 6738;-32066 0;0
3554 NONE 6321;-32151 0;0
3555 NONE 6171;-32180 0;0
3556 NONE 5933;-32225 0;0
3557 NONE 5651;-32275 0;0
3558 NONE 5280;-32338 0;0
3559 NONE 5082;-32370 0;0
3560 NONE 5034;-32377 0;0
3561 NONE 4740;-32422 0;0
3562 NONE 4525;-32452 0;0
3563 NONE 4272;-32487 0;0
3564 NONE 4215;-32494 0;0
3565 NONE 4154;-32502 0;0
3566 NONE 4215;-32494 0;0
3567 NONE 4128;-32505 0;0
3568 NONE 4181;-32499 0;0
3569 NONE 4098;-32509 0;0
3570 NONE 4166;-32501 0;0
3571 NONE 4154;-32502 0;0
3572 NONE 4158;-32502 0;0
3573 NONE 4162;-32501 0;0
3574 NONE 4154;-32502 0;0
3575 NONE 4185;-32498 0;0
3576 NONE 4101;-32509 0;0
3577 NONE 4128;-32505 0;0
3578 NONE 4162;-32501 0;0
3579 NONE 4128;-32505 0;0
3580 NONE 4098;-32509 0;0
3581 NONE 4131;-32505 0;0
3582 NONE 4128;-32505 0;0
3583 NONE 4128;-32505 0;0
3584 NONE 4101;-32509 0;0
3585 NONE 4098;-32509 0;0
3586 NONE 4098;-32509 0;0
3587 NONE 4158;-32502 0;0
3588 NONE 4131;-32505 0;0
3589 NONE 4128;-32505 0;0
3590 NONE 4078;-32512 0;0
3591 NONE 4067;-32513 0;0
3592 NONE 4075;-32512 0;0
3593 NONE 4075;-32512 0;0
3594 NONE 4075;-32512 0;0
3595 NONE 4044;-32516 0;0
3596 NONE 3995;-32522 0;0
3597 NONE 3912;-32532 0;0
3598 NONE 3855;-32539 0;0
3599 NONE 3775;-32548 0;0
3600 NONE 3699;-32557 0;0
3601 NONE 3719;-32555 0;0
3602 NONE 3699;-32557 0;0
3603 NONE 3619;-32566 0;0
3604 NONE 3639;-32564 0;0
3605 NONE 3642;-32563 0;0
3606 NONE 3652;-32562 0;0
3607 NONE 3615;-32566 0;0
3608 NONE 3585;-32570 0;0
3609 NONE 3535;-32575 0;0
3610 NONE 3532;-32576 0;0
3611 NONE 3535;-32575 0;0
3612 NONE 3319;-32598 0;0
3613 NONE 3372;-32592 0;0
3614 NONE 3325;-32597 0;0
3615 NONE 3247;-32605 0;0
3616 NONE 3236;-32606 0;0
3617 NONE 3185;-32611 0;0
3618 NONE 3134;-32616 0;0
3619 NONE 3105;-32619 0;0
3620 NONE 3027;-32626 0;0
3621 NONE 3000;-32629 0;0
3622 NONE 2971;-32632 0;0
3623 NONE 2968;-32632 0;0
3624 NONE 2949;-32633 0;0
3625 NONE 2891;-32639 0;0
3626 NONE 2893;-32638 0;0
3627 NONE 2783;-32648 0;0
3628 NONE 2891;-32639 0;0
3629 NONE 2869;-32641 0;0
3630 NONE 2813;-32646 0;0
3631 NONE 2888;-32639 0;0
3632 NONE 2834;-32644 0;0
3633 NONE 2866;-32641 0;0
3634 NONE 2834;-32644 0;0
3635 NONE 2861;-32641 0;0
3636 NONE 2808;-32646 0;0
3637 NONE 2864;-32641 0;0
3638 NONE 2808;-32646 0;0
3639 NONE 2813;-32646 0;0
3640 NONE 2866;-32641 0;0
3641 NONE 2837;-32643 0;0
3642 NONE 2810;-32646 0;0
3643 NONE 2864;-32641 0;0
3644 NONE 2866;-32641 0;0
3645 NONE 2837;-32643 0;0
3646 NONE 2891;-32639 0;0
3647 NONE 2861;-32641 0;0
3648 NONE 2869;-32641 0;0
3649 NONE 2866;-32641 0;0
3650 NONE 2866;-32641 0;0
3651 NONE 1893;-32712 0;0
3652 NONE 704;-32759 0;0
3653 NONE 678;-32759 0;0
3654 NONE -800;-32757 0;0
3655 NONE -1305;-30288 0;0
3670 NONE 3504;4393 0;0
3671 NONE 16050;7984 0;0
3672 NONE 31920;7401 0;0
3673 NONE 32112;6517 0;0
3674 NONE 32211;6008 0;0
3675 NONE 32231;5900 0;0
3676 NONE 32237;5867 0;0
3677 NONE 32226;5928 0;0
3678 NONE 32231;5900 0;0
3679 NONE 32233;5886 0;0
3680 NONE 32229;5909 0;0
3681 NONE 32234;5881 0;0
3682 NONE 32234;5881 0;0
3683 NONE 32233;5886 0;0
3684 NONE 32234;5881 0;0
3685 NONE 32233;5886 0;0
3686 KEY_B 32233;5890 0;0
3687 KEY_B 32230;5904 0;0
3688 KEY_B 32238;5862 0;0
3689 KEY_B 32239;5853 0;0
3690 KEY_B 32239;5857 0;0
3691 KEY_B 32227;5919 0;0
3692 KEY_B 32233;5886 0;0
3693 KEY_B 32233;5886 0;0
3694 KEY_B 32237;5867 0;0
3695 KEY_B 32227;5919 0;0
3696 KEY_B 32228;5914 0;0
3697 KEY_B 32239;5857 0;0
3698 NONE 32233;5886 0;0
3699 NONE 32225;5933 0;0
3700 NONE 32233;5886 0;0
3701 NONE 32224;5938 0;0
3702 NONE 32232;5895 0;0
3703 NONE 32239;5857 0;0
3704 NONE 32227;5919 0;0
3705 NONE 32233;5890 0;0
3706 NONE 32227;5923 0;0
3707 NONE 32233;5886 0;0
3708 NONE 32233;5890 0;0
3709 NONE 32228;5914 0;0
3710 NONE 32231;5900 0;0
3711 NONE 32226;5928 0;0
3712 NONE 32233;5890 0;0
3713 NONE 32228;5914 0;0
3714 NONE 32232;5895 0;0
3715 NONE 32238;5862 0;0
3716 NONE 32233;5886 0;0
3717 NONE 32233;5886 0;0
3718 NONE 32233;5890 0;0
3719 NONE 32239;5857 0;0
3720 NONE 32254;5772 0;0
3721 NONE 32265;5711 0;0
3722 NONE 32259;5744 0;0
3723 NONE 32256;5762 0;0
3724 NONE 32263;5720 0;0
3725 NONE 26300;6307 0;0
3769 NONE 1556;7337 0;0
3770 NONE 17035;17300 0;0
3771 NONE 30685;11492 0;0
3772 NONE 30838;11075 0;0
3773 NONE 31109;10288 0;0
3774 NONE 31328;9603 0;0
3775 NONE 31357;9507 0;0
3776 NONE 31368;9470 0;0
3777 NONE 31396;9377 0;0
3778 NONE 31399;9368 0;0
3779 NONE 31403;9354 0;0
3780 NONE 31574;8760 0;0
3781 NONE 31644;8501 0;0
3782 NONE 31666;8419 0;0
3783 NONE 31672;8398 0;0
3784 NONE 31690;8331 0;0
3785 NONE 31694;8316 0;0
3786 NONE 31695;8310 0;0
3787 NONE 31674;8392 0;0
3788 NONE 31686;8343 0;0
3789 NONE 31428;9269 0;0
3790 NONE 21801;8426 0;0
3791 NONE 7921;5254 0;0
3796 NONE 6692;2473 0;0
3797 NONE 16944;3606 0;0
3798 NONE 32518;4028 0;0
3799 NONE 32554;3726 0;0
3800 NONE 32557;3700 0;0
3801 NONE 32554;3726 0;0
3802 NONE 32569;3592 0;0
3803 NONE 32563;3650 0;0
3804 NONE 32570;3586 0;0
3805 NONE 32566;3615 0;0
3806 NONE 32570;3586 0;0
3807 NONE 32568;3603 0;0
3808 NONE 32566;3621 0;0
3809 NONE 32566;3618 0;0
3810 NONE 32570;3586 0;0
3811 NONE 32576;3528 0;0
3812 NONE 32574;3545 0;0
3856 NONE 3958;455 0;0
3857 NONE 30158;1358 0;0
3858 NONE 32738;1355 0;0
3859 NONE 32737;1383 0;0
3860 NONE 32735;1445 0;0
3861 NONE 32728;1588 0;0
3862 NONE 32707;1973 0;0
3863 NONE 32678;2411 0;0
3864 NONE 32657;2671 0;0
3865 NONE 32598;3314 0;0
3866 NONE 32506;4124 0;0
3867 NONE 32398;4901 0;0
3868 NONE 32355;5178 0;0
3869 NONE 32327;5347 0;0
3870 NONE 32331;5323 0;0
3871 NONE 27272;5962 0;0
3872 NONE 5740;1994 0;0
3885 NONE 6404;1043 0;0
3886 NONE 32690;2239 0;0
3887 NONE 32693;2187 0;0
3888 NONE 32610;3203 0;0
3889 NONE 32589;3407 0;0
3890 NONE 32553;3734 0;0
3891 NONE 32543;3818 0;0
3892 NONE 32531;3922 0;0
3893 NONE 32501;4159 0;0
3894 NONE 32490;4245 0;0
3895 NONE 32486;4274 0;0
3896 NONE 32483;4300 0;0
3897 NONE 32483;4303 0;0
3898 NONE 32483;4303 0;0
3899 NONE 32486;4281 0;0
3900 NONE 32487;4271 0;0
3901 NONE 32483;4300 0;0
3902 NONE 32487;4271 0;0
3903 NONE 32484;4296 0;0
3904 NONE 32483;4300 0;0
3905 NONE 32479;4332 0;0
3906 NONE 32486;4278 0;0
3907 NONE 32479;4332 0;0
3908 NONE 32479;4328 0;0
3909 NONE 32475;4360 0;0
3910 NONE 32476;4354 0;0
3911 NONE 32471;4389 0;0
3912 NONE 32466;4428 0;0
3913 NONE 32472;4386 0;0
3914 NONE 32467;4421 0;0
3915 NONE 32464;4443 0;0
3916 NONE 32464;4440 0;0
3917 NONE 32460;4468 0;0
3918 NONE 32456;4501 0;0
3919 NONE 32348;5218 0;0
3920 NONE 32033;6894 0;0
3921 NONE 31740;8137 0;0
3922 NONE 30646;10253 0;0
3923 NONE 17284;9467 0;0
3924 NONE 4994;6251 0;0
3925 NONE 1704;2374 0;0
3936 NONE 13524;5537 0;0
3937 NONE 31961;7220 0;0
3938 NONE 32020;6955 0;0
3939 NONE 32011;6996 0;0
3940 NONE 32015;6979 0;0
3941 NONE 32020;6956 0;0
3942 NONE 32010;7001 0;0
3943 NONE 32018;6963 0;0
3944 NONE 32014;6980 0;0
3945 NONE 32035;6884 0;0
3946 NONE 32030;6907 0;0
3947 NONE 32025;6930 0;0
3948 NONE 32023;6941 0;0
3949 NONE 32031;6901 0;0
3950 NONE 32029;6912 0;0
3951 NONE 32031;6901 0;0
3952 NONE 32011;6997 0;0
3953 NONE 13839;4032 0;0
3973 NONE 2472;-155 0;0
3974 NONE 20602;-2478 0;0
3975 NONE 32018;-6962 0;0
3976 NONE 32020;-6956 0;0
3977 NONE 32024;-6934 0;0
3978 NONE 32027;-6923 0;0
3979 NONE 32057;-6781 0;0
3980 NONE 32327;-5346 0;0
3981 NONE 32619;-3102 0;0
3982 NONE 32660;-2641 0;0
3983 NONE 32686;-2297 0;0
3984 NONE 32708;-1958 0;0
3985 NONE 32718;-1781 0;0
3986 NONE 32727;-1611 0;0
3987 NONE 27938;-95 0;0
3988 NONE 5143;522 0;0
4000 NONE 9916;1274 0;0
4001 NONE 32760;-634 0;0
4002 NONE 32759;-720 0;0
4003 NONE 32758;-745 0;0
4004 NONE 32759;-713 0;0
4005 NONE 32764;-426 0;0
4006 NONE 32764;-370 0;0
4007 NONE 32765;-313 0;0
4008 NONE 32765;-284 0;0
4009 NONE 32765;-284 0;0
4010 NONE 32766;-256 0;0
4011 NONE 32766;-255 0;0
4012 NONE 32765;-284 0;0
4013 NONE 32765;-283 0;0
4014 NONE 32765;-284 0;0
4015 NONE 32766;-227 0;0
4016 NONE 32765;-284 0;0
4017 NONE 31541;-325 0;0
4018 NONE 10153;350 0;0
4028 NONE 1399;334 0;0
4029 NONE 28135;881 0;0
4030 NONE 32753;-931 0;0
4031 NONE 32753;-931 0;0
4032 NONE 32753;-931 0;0
4033 NONE 32754;-902 0;0
4034 NONE 32754;-903 0;0
4035 NONE 32755;-874 0;0
4036 NONE 32755;-873 0;0
4037 NONE 32755;-873 0;0
4038 NONE 32755;-873 0;0
4039 NONE 32754;-902 0;0
4040 NONE 32755;-873 0;0
4041 NONE 32755;-873 0;0
4042 NONE 32755;-873 0;0
4043 NONE 32756;-844 0;0
4044 NONE 32755;-873 0;0
4045 NONE 32755;-872 0;0
4046 NONE 32755;-872 0;0
4047 NONE 32755;-872 0;0
4048 NONE 32755;-873 0;0
4049 NONE 32756;-832 0;0
4050 NONE 32738;-1378 0;0
4051 NONE 32692;-2207 0;0
4052 NONE 32597;-3324 0;0
4053 NONE 12852;-2800 0;0
4067 NONE 2608;142 0;0
4068 NONE 7799;308 0;0
4069 NONE 12319;329 0;0
4070 NONE 15721;388 0;0
4071 NONE 25777;479 0;0
4072 NONE 32763;485 0;0
4073 NONE 32762;518 0;0
4074 NONE 32762;549 0;0
4075 NONE 32735;1431 0;0
4076 NONE 32631;2977 0;0
4077 NONE 32561;3665 0;0
4078 NONE 29599;4300 0;0
4079 NONE 11085;3667 0;0
4216 KEY_B 0;0 0;0
4217 KEY_B 0;0 0;0
4218 KEY_B 0;0 0;0
4219 KEY_B 0;0 0;0
4220 KEY_B 0;0 0;0
4221 KEY_B 0;0 0;0
4222 KEY_B 0;0 0;0
4223 KEY_B 0;0 0;0
4224 KEY_B 0;0 0;0
4225 KEY_B 0;0 0;0
4226 KEY_B 0;0 0;0
4227 KEY_B 0;0 0;0
4228 KEY_B 0;0 0;0
4229 KEY_B 0;0 0;0
4247 KEY_L 0;0 0;0
4248 KEY_L 0;0 0;0
4249 KEY_L 0;0 0;0
4250 KEY_L 0;0 0;0
4251 KEY_L 0;0 0;0
4252 KEY_L 0;0 0;0
4253 KEY_L 0;0 0;0
4254 KEY_L 0;0 0;0
4255 KEY_L 0;0 0;0
4256 KEY_L 0;0 0;0
4257 KEY_L 0;0 0;0
4258 KEY_L 0;0 0;0
4259 KEY_L 0;0 0;0
4260 KEY_L 0;0 0;0
4261 KEY_L 0;0 0;0
4262 KEY_L 0;0 0;0
4263 KEY_L 0;0 0;0
4264 KEY_L 0;0 0;0
4265 KEY_L 0;0 0;0
4266 KEY_L 0;0 0;0
4267 KEY_L 0;0 0;0
4268 KEY_L 0;0 0;0
4269 KEY_L 0;0 0;0
4270 KEY_L 0;0 0;0
4271 KEY_L 0;0 0;0
4272 KEY_L 0;0 0;0
4273 KEY_L 0;0 0;0
4274 KEY_L 0;0 0;0
4275 KEY_L 0;0 0;0
4276 KEY_L 0;0 0;0
4277 KEY_L 0;0 0;0
4278 KEY_L 0;0 0;0
4279 KEY_L 0;0 0;0
4280 KEY_L 0;0 0;0
4281 KEY_L 0;0 0;0
4282 KEY_L 0;0 0;0
4283 KEY_L 0;0 0;0
4284 KEY_L 0;0 0;0
4285 KEY_L 0;0 0;0
4286 KEY_L 0;0 0;0
4287 KEY_L 0;0 0;0
4288 KEY_L 0;0 0;0
4289 KEY_L 0;0 0;0
4290 KEY_L 0;0 0;0
4291 KEY_L 0;0 0;0
4292 KEY_L 0;0 0;0
4293 KEY_L 0;0 0;0
4294 KEY_L 0;0 0;0
4295 KEY_L 0;0 0;0
4296 KEY_L 0;0 0;0
4297 KEY_L 0;0 0;0
4298 KEY_L 0;0 0;0
4343 KEY_B 0;0 0;0
4344 KEY_B 0;0 0;0
4345 KEY_B 0;0 0;0
4346 KEY_B 0;0 0;0
4347 KEY_B 0;0 0;0
4348 KEY_B 0;0 0;0
4349 KEY_B 0;0 0;0
4350 KEY_B 0;0 0;0
4351 KEY_B 0;0 0;0
4352 KEY_B 0;0 0;0
4353 KEY_B 0;0 0;0
4354 KEY_B 0;0 0;0
4355 KEY_B 0;0 0;0
4356 KEY_B 0;0 0;0
4357 KEY_B 0;0 0;0
4358 KEY_B 0;0 0;0
4359 KEY_B 0;0 0;0
4360 KEY_B 0;0 0;0
4361 KEY_B 0;0 0;0
4362 KEY_B 0;0 0;0
4371 KEY_L 0;0 0;0
4372 KEY_L 0;0 0;0
4373 KEY_L 0;0 0;0
4374 KEY_L 0;0 0;0
4375 KEY_L 0;0 0;0
4376 KEY_L 0;0 0;0
4377 KEY_L 0;0 0;0
4378 KEY_L 0;0 0;0
4379 KEY_L 0;0 0;0
4380 KEY_L 0;0 0;0
4381 KEY_L 0;0 0;0
4382 KEY_L 0;0 0;0
4383 KEY_L 0;0 0;0
4384 KEY_L 0;0 0;0
4385 KEY_L 0;0 0;0
4386 KEY_L 0;0 0;0
4387 KEY_L 0;0 0;0
4388 KEY_L 0;0 0;0
4389 KEY_L 0;0 0;0
4390 KEY_L 0;0 0;0
4391 KEY_L 0;0 0;0
4392 KEY_L 0;0 0;0
4393 KEY_L 0;0 0;0
4394 KEY_L 0;0 0;0
4395 KEY_L 0;0 0;0
4396 KEY_L 0;0 0;0
4397 KEY_L 0;0 0;0
4398 KEY_L 0;0 0;0
4399 KEY_L 0;0 0;0
4400 KEY_L 0;0 0;0
4401 KEY_L 0;0 0;0
4402 KEY_L 0;0 0;0
4403 KEY_L 0;0 0;0
4404 KEY_L 0;0 0;0
4405 KEY_L 0;0 0;0
4406 KEY_L 0;0 0;0
4407 KEY_L 0;0 0;0
4408 KEY_L 0;0 0;0
4409 KEY_L 0;0 0;0
4410 KEY_L 0;0 0;0
4411 KEY_L 0;0 0;0
4412 KEY_L 0;0 0;0
4413 KEY_L 0;0 0;0
4414 KEY_L 0;0 0;0
4415 KEY_L 0;0 0;0
4442 KEY_B 0;0 0;0
4443 KEY_B 0;0 0;0
4444 KEY_B 0;0 0;0
4445 KEY_B 0;0 0;0
4446 KEY_B 0;0 0;0
4447 KEY_B 0;0 0;0
4448 KEY_B 0;0 0;0
4449 KEY_B 0;0 0;0
4450 KEY_B 0;0 0;0
4451 KEY_B 0;0 0;0
4452 KEY_B 0;0 0;0
4453 KEY_B;KEY_L 0;0 0;0
4454 KEY_B;KEY_L 0;0 0;0
4455 KEY_B;KEY_L 0;0 0;0
4456 KEY_B;KEY_L 0;0 0;0
4457 KEY_B;KEY_L 0;0 0;0
4458 KEY_B;KEY_L 0;0 0;0
4459 KEY_B;KEY_L 0;0 0;0
4460 KEY_B;KEY_L 0;0 0;0
4461 KEY_B;KEY_L 0;0 0;0
4462 KEY_B;KEY_L 0;0 0;0
4463 KEY_B;KEY_L 0;0 0;0
4464 KEY_B;KEY_L 0;0 0;0
4465 KEY_B;KEY_L 0;0 0;0
4466 KEY_B;KEY_L 0;0 0;0
4467 KEY_B;KEY_L 0;0 0;0
4468 KEY_B;KEY_L 0;0 0;0
4469 KEY_B;KEY_L 0;0 0;0
4470 KEY_B;KEY_L 0;0 0;0
4471 KEY_B;KEY_L 0;0 0;0
4472 KEY_B;KEY_L 0;0 0;0
4473 KEY_B;KEY_L 0;0 0;0
4474 KEY_B;KEY_L 0;0 0;0
4475 KEY_B;KEY_L 0;0 0;0
4476 KEY_B;KEY_L 0;0 0;0
4477 KEY_B;KEY_L 0;0 0;0
4478 KEY_B;KEY_L 0;0 0;0
4479 KEY_B;KEY_L 0;0 0;0
4480 KEY_B;KEY_L 0;0 0;0
4481 KEY_B;KEY_L 0;0 0;0
4482 KEY_B;KEY_L 0;0 0;0
4483 KEY_B;KEY_L 0;0 0;0
4484 KEY_B;KEY_L 0;0 0;0
4485 KEY_B;KEY_L 0;0 0;0
4486 KEY_B;KEY_L 0;0 0;0
4487 KEY_B;KEY_L 0;0 0;0
4488 KEY_B;KEY_L 0;0 0;0
4489 KEY_B;KEY_L 0;0 0;0
4490 KEY_B;KEY_L 0;0 0;0
4491 KEY_B;KEY_L 0;0 0;0
4492 KEY_B;KEY_L 0;0 0;0
4493 KEY_B;KEY_L 0;0 0;0
4494 KEY_B;KEY_L 0;0 0;0
4495 KEY_B;KEY_L 0;0 0;0
4496 KEY_B;KEY_L 0;0 0;0
4497 KEY_B;KEY_L 0;0 0;0
4498 KEY_B;KEY_L 0;0 0;0
4499 KEY_B;KEY_L 0;0 0;0
4500 KEY_B;KEY_L 0;0 0;0
4501 KEY_B;KEY_L 0;0 0;0
4502 KEY_B;KEY_L 0;0 0;0
4503 KEY_B;KEY_L 0;0 0;0
4504 KEY_B;KEY_L 0;0 0;0
4505 KEY_B;KEY_L 0;0 0;0
4506 KEY_B;KEY_L 0;0 0;0
4507 KEY_B;KEY_L 0;0 0;0
4508 KEY_B;KEY_L 0;0 0;0
4509 KEY_B;KEY_L 0;0 0;0
4510 KEY_B;KEY_L 0;0 0;0
4511 KEY_B;KEY_L 0;0 0;0
4512 KEY_L 0;0 0;0
4513 KEY_L 0;0 0;0
4514 KEY_L 0;0 0;0
4515 KEY_L 0;0 0;0
4613 KEY_B 0;0 0;0
4614 KEY_B 0;0 0;0
4615 KEY_B 0;0 0;0
4616 KEY_B 0;0 0;0
4617 KEY_B 0;0 0;0
4618 KEY_B 0;0 0;0
4619 KEY_B 0;0 0;0
4620 KEY_B 0;0 0;0
4621 KEY_B 0;0 0;0
4622 KEY_B 0;0 0;0
4623 KEY_B 0;0 0;0
4624 KEY_B 0;0 0;0
4625 KEY_B 0;0 0;0
4626 KEY_B 0;0 0;0
4627 KEY_B 0;0 0;0
4628 KEY_B 0;0 0;0
4629 KEY_B 0;0 0;0
4630 KEY_B 0;0 0;0
4631 KEY_B 0;0 0;0
4632 KEY_B 0;0 0;0
4633 KEY_B 0;0 0;0
4634 KEY_B 0;0 0;0
4635 KEY_B 0;0 0;0
4636 KEY_B 0;0 0;0
4637 KEY_B 0;0 0;0
4638 KEY_B 0;0 0;0
4639 KEY_B 0;0 0;0
4640 KEY_B 0;0 0;0
4641 KEY_B 0;0 0;0
4642 KEY_B 0;0 0;0
4646 KEY_ZL 0;0 0;0
4647 KEY_ZL 0;0 0;0
4648 KEY_ZL 0;0 0;0
4649 KEY_ZL 0;0 0;0
4650 KEY_ZL 0;0 0;0
4651 KEY_ZL 0;0 0;0
4652 KEY_ZL 0;0 0;0
4653 KEY_ZL 0;0 0;0
4654 KEY_ZL 0;0 0;0
4655 KEY_ZL 0;0 0;0
4656 KEY_ZL 0;0 0;0
4657 KEY_ZL 0;0 0;0
4658 KEY_ZL 0;0 0;0
4659 KEY_ZL 0;0 0;0
4660 KEY_ZL 0;0 0;0
4661 KEY_ZL 0;0 0;0
4662 KEY_ZL 0;0 0;0
4663 KEY_ZL 0;0 0;0
4664 KEY_ZL 0;0 0;0
4665 KEY_ZL 0;0 0;0
4666 KEY_ZL 0;0 0;0
4667 KEY_ZL 0;0 0;0
4668 KEY_ZL 0;0 0;0
4669 KEY_ZL 0;0 0;0
4670 KEY_ZL 0;0 0;0
4671 KEY_ZL 0;0 0;0
4672 KEY_ZL 0;0 0;0
4673 KEY_ZL 0;0 0;0
4674 KEY_ZL 0;0 0;0
4675 KEY_ZL 0;0 0;0
4676 KEY_ZL 0;0 0;0
4677 KEY_ZL 0;0 0;0
4678 KEY_ZL 0;0 0;0
4679 KEY_ZL 0;0 0;0
4680 KEY_ZL 0;0 0;0
4681 KEY_ZL 0;0 0;0
4682 KEY_ZL 0;0 0;0
4683 KEY_ZL 0;0 0;0
4684 KEY_ZL 0;0 0;0
4685 KEY_ZL 0;0 0;0
4686 KEY_ZL 0;0 0;0
4687 KEY_ZL 0;0 0;0
4688 KEY_ZL 0;0 0;0
4689 KEY_ZL 0;0 0;0
4690 KEY_ZL 0;0 0;0
4691 KEY_ZL 0;0 0;0
4692 KEY_ZL 0;0 0;0
4693 KEY_ZL 0;0 0;0
4694 KEY_ZL 0;0 0;0
4695 KEY_ZL 0;0 0;0
4696 KEY_ZL 0;0 0;0
4697 KEY_ZL 0;0 0;0
4698 KEY_ZL 0;0 0;0
4699 KEY_ZL 0;0 0;0
4700 KEY_ZL 0;0 0;0
4701 KEY_ZL 0;0 0;0
4702 KEY_ZL 0;0 0;0
4703 KEY_ZL 0;0 0;0
4704 KEY_ZL 0;0 0;0
4705 KEY_ZL 0;0 0;0
4706 KEY_ZL 0;0 0;0
4707 KEY_ZL 0;0 0;0
4708 KEY_ZL 0;0 0;0
4709 KEY_ZL 0;0 0;0
4710 KEY_ZL 0;0 0;0
4711 KEY_ZL 0;0 0;0
4712 KEY_ZL 0;0 0;0
4713 KEY_ZL 0;0 0;0
4714 KEY_ZL 0;0 0;0
4715 KEY_ZL 0;0 0;0
4716 KEY_ZL 0;0 0;0
4717 KEY_ZL 0;0 0;0
4718 KEY_ZL 0;0 0;0
4719 KEY_ZL 0;0 0;0
4753 KEY_B 0;0 0;0
4754 KEY_B 0;0 0;0
4755 KEY_B 0;0 0;0
4756 KEY_B 0;0 0;0
4757 KEY_B 0;0 0;0
4758 KEY_B 0;0 0;0
4759 KEY_B 0;0 0;0
4760 KEY_B 0;0 0;0
4761 KEY_B 0;0 0;0
4762 KEY_B 0;0 0;0
4763 KEY_B 0;0 0;0
4764 KEY_B 0;0 0;0
4765 KEY_B 0;0 0;0
4766 KEY_B 0;0 0;0
4767 KEY_B 0;0 0;0
4768 KEY_B 0;0 0;0
4769 KEY_B 0;0 0;0
4770 KEY_B 0;0 0;0
4771 KEY_B 0;0 0;0
4772 KEY_B 0;0 0;0
4773 KEY_B 0;0 0;0
4774 KEY_B 0;0 0;0
4775 KEY_B 0;0 0;0
4776 KEY_B 0;0 0;0
4777 KEY_B 0;0 0;0
4778 KEY_B 0;0 0;0
4779 KEY_B 0;0 0;0
4780 KEY_B 0;0 0;0
4781 KEY_B 0;0 0;0
4782 KEY_B 0;0 0;0
4783 KEY_B 0;0 0;0
4784 KEY_B 0;0 0;0
4785 KEY_B 0;0 0;0
4786 KEY_B 0;0 0;0
4793 KEY_ZL 0;0 0;0
4794 KEY_ZL 0;0 0;0
4795 KEY_ZL 0;0 0;0
4796 KEY_ZL 0;0 0;0
4797 KEY_ZL 0;0 0;0
4798 KEY_ZL 0;0 0;0
4799 KEY_ZL 0;0 0;0
4800 KEY_ZL 0;0 0;0
4801 KEY_ZL 0;0 0;0
4802 KEY_ZL 0;0 0;0
4803 KEY_ZL 0;0 0;0
4804 KEY_ZL 0;0 0;0
4805 KEY_ZL 0;0 0;0
4806 KEY_ZL 0;0 0;0
4807 KEY_ZL 0;0 0;0
4808 KEY_ZL 0;0 0;0
4809 KEY_ZL 0;0 0;0
4810 KEY_ZL 0;0 0;0
4811 KEY_ZL 0;0 0;0
4812 KEY_ZL 0;0 0;0
4813 KEY_ZL 0;0 0;0
4814 KEY_ZL 0;0 0;0
4815 KEY_ZL 0;0 0;0
4816 KEY_ZL 0;0 0;0
4817 KEY_ZL 0;0 0;0
4818 KEY_ZL 0;0 0;0
4819 KEY_ZL 0;0 0;0
4820 KEY_ZL 0;0 0;0
4821 KEY_ZL 0;0 0;0
4822 KEY_ZL 0;0 0;0
4823 KEY_ZL 0;0 0;0
4824 KEY_ZL 0;0 0;0
4825 KEY_ZL 0;0 0;0
4826 KEY_ZL 0;0 0;0
4827 KEY_ZL 0;0 0;0
4828 KEY_ZL 0;0 0;0
4829 KEY_ZL 0;0 0;0
4830 KEY_ZL 0;0 0;0
4831 KEY_ZL 0;0 0;0
4832 KEY_ZL 0;0 0;0
4833 KEY_ZL 0;0 0;0
