61 KEY_A 0;0 0;0
68 KEY_ZL 0;0 0;0
69 KEY_Y 0;0 0;0
70 NONE -32767;0 0;0
71 NONE -32767;0 0;0
72 NONE -32767;0 0;0
73 NONE -32767;0 0;0
74 NONE -32767;0 0;0
75 NONE -32767;0 0;0
76 NONE -32767;0 0;0
77 NONE -32767;0 0;0
78 NONE -32767;0 0;0
79 NONE -32767;0 0;0
80 NONE -32767;0 0;0
81 NONE -32767;0 0;0
82 NONE -32767;0 0;0
83 NONE -32767;0 0;0
84 NONE -32767;0 0;0
85 NONE -32767;0 0;0
86 NONE -32767;0 0;0
87 NONE -32767;0 0;0
88 NONE -32767;0 0;0
89 NONE -32767;0 0;0
90 NONE -32767;0 0;0
91 NONE -32767;0 0;0
92 NONE -32767;0 0;0
93 NONE -32767;0 0;0
94 NONE -32767;0 0;0
95 NONE -32767;0 0;0
96 NONE -32767;0 0;0
97 NONE -32767;0 0;0
98 NONE -32767;0 0;0
99 NONE -32767;0 0;0
100 NONE -32767;0 0;0
101 KEY_ZL 0;0 0;0
102 KEY_ZL 0;0 0;0
103 KEY_ZL 0;0 0;0
104 KEY_ZL 0;0 0;0
105 KEY_ZL 0;0 0;0
106 KEY_ZL 0;0 0;0
107 KEY_ZL 0;0 0;0
108 KEY_ZL 0;0 0;0
109 KEY_ZL 0;0 0;0
110 KEY_ZL 0;0 0;0
111 KEY_ZL 0;0 0;0
112 KEY_ZL 0;0 0;0
113 KEY_ZL 0;0 0;0
114 KEY_ZL 0;0 0;0
115 KEY_ZL 0;0 0;0
116 KEY_ZL 0;0 0;0
117 KEY_ZL 0;0 0;0
118 KEY_ZL 0;0 0;0
119 KEY_ZL 0;0 0;0
120 KEY_ZL 0;0 0;0
121 KEY_ZL 0;0 0;0
122 KEY_ZL 0;0 0;0
123 KEY_ZL 0;0 0;0
124 KEY_ZL 0;0 0;0
125 KEY_ZL 0;0 0;0
126 KEY_ZL 0;0 0;0
127 KEY_ZL 0;0 0;0
128 KEY_ZL 0;0 0;0
129 KEY_ZL 0;0 0;0
130 KEY_ZL 0;0 0;0
131 KEY_ZL 0;0 0;0
132 KEY_ZL 0;0 0;0
133 KEY_ZL 0;0 0;0
134 KEY_ZL 0;0 0;0
135 KEY_ZL 0;32767 0;0
136 KEY_ZL 32767;0 0;0
137 KEY_ZL 0;-32767 0;0
138 KEY_ZL -32767;0 0;0
139 KEY_ZL 0;32767 0;0
140 KEY_ZL 32767;0 0;0
141 KEY_ZL 0;-32767 0;0
142 KEY_ZL -32767;0 0;0
143 KEY_ZL 0;32767 0;0
144 KEY_ZL 32767;0 0;0
145 KEY_ZL 0;-32767 0;0
146 KEY_ZL -32767;0 0;0
147 NONE 32109;6532 0;0
148 NONE 32109;6532 0;0
149 KEY_A 32109;6532 0;0
150 KEY_ZL 32109;6532 0;0
151 KEY_ZL 32109;6532 0;0
152 KEY_ZL 32109;6532 0;0
153 KEY_ZL 32109;6532 0;0
154 KEY_ZL 32109;6532 0;0
155 KEY_ZL 32109;6532 0;0
156 KEY_ZL 32109;6532 0;0
157 KEY_ZL;KEY_Y 0;0 0;0
158 KEY_ZL 0;32767 0;0
159 KEY_ZL 0;32767 0;0
160 KEY_ZL 0;32767 0;0
161 KEY_ZL 0;32767 0;0
162 KEY_ZL 0;32767 0;0
163 KEY_ZL 0;32767 0;0
164 KEY_ZL 0;32767 0;0
165 KEY_ZL 0;32767 0;0
166 KEY_ZL 0;32767 0;0
167 KEY_ZL 0;32767 0;0
168 KEY_ZL 0;32767 0;0
169 KEY_ZL 0;32767 0;0
170 KEY_ZL 0;32767 0;0
171 KEY_ZL 0;32767 0;0
172 KEY_ZL 0;32767 0;0
173 KEY_ZL 0;32767 0;0
174 KEY_ZL 0;32767 0;0
175 KEY_ZL 0;32767 0;0
176 KEY_ZL 0;32767 0;0
177 KEY_ZL 0;32767 0;0
178 KEY_ZL 0;32767 0;0
179 KEY_ZL 0;32767 0;0
180 KEY_ZL 0;32767 0;0
181 KEY_ZL 0;32767 0;0
182 KEY_ZL 0;32767 0;0
183 KEY_ZL 0;32767 0;0
184 KEY_ZL 0;32767 0;0
185 KEY_ZL 0;32767 0;0
186 KEY_ZL 0;32767 0;0
187 KEY_ZL 0;32767 0;0
188 KEY_ZL 0;32767 0;0
189 KEY_ZL 0;32767 0;0
190 KEY_ZL 0;32767 0;0
191 NONE 32767;0 0;0
192 NONE 0;-32767 0;0
193 NONE -32767;0 0;0
194 NONE 0;32767 0;0
195 NONE 32767;0 0;0
196 NONE 0;-32767 0;0
197 NONE -32767;0 0;0
198 NONE 0;32767 0;0
199 NONE 32767;0 0;0
200 NONE 0;-32767 0;0
201 NONE -32767;0 0;0
202 NONE 0;32767 0;0
203 NONE 32767;0 0;0
204 NONE 0;-32767 0;0
205 NONE -32767;0 0;0
206 NONE 0;32767 0;0
207 NONE 32767;0 0;0
208 NONE 0;-32767 0;0
209 NONE -32767;0 0;0
210 NONE 0;32767 0;0
211 NONE 32767;0 0;0
212 NONE 0;-32767 0;0
213 NONE -32767;0 0;0
214 NONE 0;32767 0;0
215 NONE 32767;0 0;0
216 NONE 0;-32767 0;0
217 NONE -32767;0 0;0
218 NONE 0;32767 0;0
219 NONE 32767;0 0;0
220 NONE 0;-32767 0;0
221 NONE -32767;0 0;0
222 NONE 0;32767 0;0
223 NONE 32767;0 0;0
224 NONE 0;-32767 0;0
225 NONE -32767;0 0;0
226 NONE 0;32767 0;0
227 NONE 32767;0 0;0
228 NONE 0;-32767 0;0
229 NONE -32767;0 0;0
230 NONE 0;32767 0;0
231 NONE 32767;0 0;0
232 NONE 0;-32767 0;0
233 NONE -32767;0 0;0
234 NONE 0;32767 0;0
235 NONE 32767;0 0;0
236 NONE 0;-32767 0;0
237 NONE -32767;0 0;0
238 NONE 0;32767 0;0
239 NONE 32767;0 0;0
240 NONE 0;-32767 0;0
241 NONE -32767;0 0;0
242 NONE 0;32767 0;0
243 NONE 32767;0 0;0
244 NONE 0;-32767 0;0
245 NONE -32767;0 0;0
246 NONE 0;32767 0;0
247 NONE 32767;0 0;0
248 NONE 0;-32767 0;0
249 NONE -32767;0 0;0
250 NONE 0;32767 0;0
251 NONE 32767;0 0;0
252 NONE 0;-32767 0;0
253 NONE -32767;0 0;0
254 NONE 0;32767 0;0
255 NONE 32767;0 0;0
256 NONE 0;-32767 0;0
257 NONE -32767;0 0;0
258 NONE 0;32767 0;0
259 NONE 32767;0 0;0
260 NONE 0;-32767 0;0
261 NONE -32767;0 0;0
262 NONE 0;32767 0;0
263 NONE 32767;0 0;0
264 NONE 0;-32767 0;0
265 NONE -32767;0 0;0
266 NONE 0;32767 0;0
267 NONE 32767;0 0;0
268 NONE 0;-32767 0;0
269 NONE -32767;0 0;0
270 NONE 0;32767 0;0
271 NONE 32767;0 0;0
272 NONE 0;-32767 0;0
273 NONE -32767;0 0;0
274 NONE 0;32767 0;0
275 NONE 32767;0 0;0
276 NONE 0;-32767 0;0
277 NONE -32767;0 0;0
278 NONE 0;32767 0;0
279 NONE 32767;0 0;0
280 NONE 0;-32767 0;0
281 NONE -32767;0 0;0
282 NONE 0;32767 0;0
283 NONE 32767;0 0;0
284 NONE 0;-32767 0;0
285 NONE -32767;0 0;0
286 NONE 0;32767 0;0
287 NONE 32767;0 0;0
288 NONE 0;-32767 0;0
289 NONE -32767;0 0;0
290 NONE 0;32767 0;0
291 NONE 32767;0 0;0
292 NONE 0;-32767 0;0
293 NONE -32767;0 0;0
294 NONE 0;32767 0;0
295 NONE 32767;0 0;0
296 NONE 0;-32767 0;0
297 KEY_A 0;32767 0;0
298 NONE 0;32767 0;0
299 NONE 0;32767 0;0
300 NONE 0;32767 0;0
301 NONE 0;32767 0;0
302 NONE 0;32767 0;0
303 NONE 0;32767 0;0
304 NONE 0;32767 0;0
305 NONE 0;32767 0;0
306 NONE 0;32767 0;0
307 NONE 0;32767 0;0
308 NONE 0;32767 0;0
309 NONE 0;32767 0;0
310 NONE 0;32767 0;0
311 NONE 0;32767 0;0
312 KEY_ZL -8480;31650 0;0
313 KEY_ZL -8480;31650 0;0
314 KEY_ZL -8480;31650 0;0
315 KEY_ZL -8480;31650 0;0
316 KEY_ZL -8480;31650 0;0
317 KEY_ZL -8480;31650 0;0
318 KEY_ZL -8480;31650 0;0
319 KEY_ZL -8480;31650 0;0
320 KEY_ZL -8480;31650 0;0
321 KEY_ZL -8480;31650 0;0
322 KEY_ZL;KEY_Y -32767;0 0;0
323 NONE -32767;0 0;0
324 NONE -32767;0 0;0
325 NONE -32767;0 0;0
326 NONE -32767;0 0;0
327 NONE -32767;0 0;0
328 NONE -32767;0 0;0
329 NONE -32767;0 0;0
330 NONE -32767;0 0;0
331 NONE -32767;0 0;0
332 NONE -32767;0 0;0
333 NONE -32767;0 0;0
334 NONE -32767;0 0;0
335 NONE -32767;0 0;0
336 NONE -32767;0 0;0
337 NONE -32767;0 0;0
338 NONE -32767;0 0;0
339 NONE -32767;0 0;0
340 NONE -32767;0 0;0
341 NONE -32767;0 0;0
342 NONE -32767;0 0;0
343 NONE -32767;0 0;0
344 NONE -32767;0 0;0
345 NONE -32767;0 0;0
346 NONE -32767;0 0;0
347 NONE -32767;0 0;0
348 NONE -32767;0 0;0
349 NONE -32767;0 0;0
350 NONE -32767;0 0;0
351 NONE -32767;0 0;0
352 NONE -32767;0 0;0
353 NONE -32767;0 0;0
354 NONE -32767;0 0;0
355 NONE -32767;0 0;0
356 NONE -32767;0 0;0
357 NONE -32767;0 0;0
358 NONE -32767;0 0;0
359 NONE -32767;0 0;0
360 NONE -32767;0 0;0
361 NONE -32767;0 0;0
362 NONE -32767;0 0;0
363 NONE -32767;0 0;0
364 NONE -32767;0 0;0
365 NONE -32767;0 0;0
366 NONE -32767;0 0;0
367 NONE -32767;0 0;0
368 NONE -32767;0 0;0
369 NONE -32767;0 0;0
370 NONE -32767;0 0;0
371 NONE -32767;0 0;0
372 NONE -32767;0 0;0
373 NONE -32767;0 0;0
374 NONE -32767;0 0;0
375 NONE -32767;0 0;0
376 NONE -32767;0 0;0
377 NONE -32767;0 0;0
378 KEY_A -32767;0 0;0
379 NONE 3549;-625 0;0
380 NONE 3481;932 0;0
381 NONE 2761;2316 0;0
382 NONE 1523;3266 0;0
383 NONE 0;3604 0;0
384 NONE -1523;3266 0;0
385 NONE -2761;2316 0;0
407 KEY_A 0;0 0;0
438 KEY_A 0;0 0;0
491 KEY_A 0;0 0;0
492 KEY_A 0;0 0;0
493 KEY_A 0;0 0;0
494 KEY_A 0;0 0;0
495 KEY_A 0;0 0;0
496 KEY_A 0;0 0;0
497 KEY_A 0;0 0;0
498 KEY_A -3549;-625 0;0
499 KEY_A 0;0 0;0
500 KEY_A 0;0 0;0
506 NONE -3481;932 0;0
514 NONE -2761;2316 0;0
522 KEY_ZL 0;0 0;0
523 KEY_Y 0;0 0;0
559 KEY_A 0;0 0;0
560 KEY_A 0;0 0;0
561 KEY_A 0;0 0;0
562 KEY_A 0;0 0;0
563 KEY_A 0;0 0;0
564 KEY_A 0;0 0;0
566 NONE 0;3604 0;0
574 NONE -1523;3266 0;0
582 NONE -2761;2316 0;0
592 KEY_ZL 0;0 0;0
593 KEY_Y 0;0 0;0
594 NONE 32767;0 0;0
595 NONE 32767;0 0;0
596 NONE 32767;0 0;0
597 NONE 32767;0 0;0
598 NONE 32767;0 0;0
599 NONE 32767;0 0;0
600 NONE 32767;0 0;0
601 NONE 32767;0 0;0
602 NONE 32767;0 0;0
603 NONE 32767;0 0;0
604 NONE 32767;0 0;0
605 NONE 32767;0 0;0
606 NONE 32767;0 0;0
607 NONE 32767;0 0;0
608 NONE 32767;0 0;0
609 NONE 32767;0 0;0
610 NONE 32767;0 0;0
611 NONE 32767;0 0;0
612 NONE 32767;0 0;0
613 NONE 32767;0 0;0
614 NONE 32767;0 0;0
615 NONE 32767;0 0;0
616 NONE 32767;0 0;0
617 NONE 32767;0 0;0
618 NONE 32767;0 0;0
619 NONE 32767;0 0;0
620 NONE 32767;0 0;0
621 NONE 32767;0 0;0
622 NONE 32767;0 0;0
623 NONE 32767;0 0;0
624 NONE 32767;0 0;0
625 NONE 32767;0 0;0
626 NONE 32767;0 0;0
627 NONE 32767;0 0;0
628 NONE 32767;0 0;0
629 NONE 32767;0 0;0
630 NONE 32767;0 0;0
631 KEY_A 0;0 0;0
632 NONE 0;32767 0;0
633 NONE 0;32767 0;0
634 NONE 0;32767 0;0
635 NONE 0;32767 0;0
636 NONE 0;32767 0;0
637 NONE 0;32767 0;0
638 NONE 0;32767 0;0
639 NONE 0;32767 0;0
640 NONE 0;32767 0;0
641 NONE 0;32767 0;0
642 NONE 0;32767 0;0
643 NONE 0;32767 0;0
644 NONE 0;32767 0;0
645 NONE 0;32767 0;0
646 NONE 0;32767 0;0
647 NONE 0;32767 0;0
648 NONE 0;32767 0;0
649 NONE 0;32767 0;0
650 NONE 0;32767 0;0
651 NONE 0;32767 0;0
652 NONE 0;32767 0;0
653 NONE 0;32767 0;0
654 NONE 0;32767 0;0
655 NONE 0;32767 0;0
656 NONE 0;32767 0;0
657 NONE 0;32767 0;0
658 NONE 0;32767 0;0
659 NONE 0;32767 0;0
660 NONE 0;32767 0;0
661 NONE 0;32767 0;0
662 KEY_A 0;32767 0;0
663 KEY_A 0;32767 0;0
664 KEY_A 0;32767 0;0
665 KEY_A 0;32767 0;0
666 KEY_A 0;32767 0;0
667 KEY_A 0;32767 0;0
668 KEY_A 0;32767 0;0
669 KEY_A 0;32767 0;0
670 KEY_A 0;32767 0;0
671 KEY_A 0;32767 0;0
672 KEY_A 0;32767 0;0
673 KEY_A 0;32767 0;0
674 KEY_A 0;32767 0;0
675 KEY_A 0;32767 0;0
676 KEY_A 0;32767 0;0
677 KEY_A 0;32767 0;0
678 KEY_A 0;32767 0;0
679 KEY_A 0;32767 0;0
680 KEY_A 0;32767 0;0
681 KEY_A 0;32767 0;0
682 NONE 32767;0 0;0
683 NONE 32767;0 0;0
684 NONE 32767;0 0;0
685 NONE 32767;0 0;0
686 NONE 32767;0 0;0
687 NONE 32767;0 0;0
688 NONE 32767;0 0;0
689 NONE 32767;0 0;0
690 NONE 32767;0 0;0
691 NONE 32767;0 0;0
692 NONE 32767;0 0;0
693 NONE 32767;0 0;0
694 NONE 32767;0 0;0
695 NONE 32767;0 0;0
696 NONE 32767;0 0;0
697 NONE 32767;0 0;0
698 NONE 32767;0 0;0
699 NONE 32767;0 0;0
700 NONE 32767;0 0;0
701 NONE 32767;0 0;0
702 NONE 32767;0 0;0
703 NONE 32767;0 0;0
704 NONE 32767;0 0;0
705 NONE 32767;0 0;0
706 NONE 32767;0 0;0
707 NONE 32767;0 0;0
708 NONE 32767;0 0;0
709 NONE 32767;0 0;0
710 NONE 32767;0 0;0
711 KEY_A 32767;0 0;0
712 KEY_A 32767;0 0;0
713 KEY_A 32767;0 0;0
714 KEY_A 32767;0 0;0
715 KEY_A 32767;0 0;0
716 NONE 32767;0 0;0
717 NONE 32767;0 0;0
718 NONE 32767;0 0;0
719 NONE 32767;0 0;0
720 NONE 32767;0 0;0
721 NONE 32767;0 0;0
722 NONE 32767;0 0;0
723 NONE 32767;0 0;0
724 NONE 32767;0 0;0
725 NONE 32767;0 0;0
726 KEY_ZL 0;0 0;0
727 KEY_Y 0;0 0;0
759 KEY_A 0;32767 0;0
760 KEY_A 0;32767 0;0
761 KEY_A 0;32767 0;0
762 KEY_A 0;32767 0;0
763 KEY_A 0;32767 0;0
764 NONE 0;32767 0;0
765 NONE 0;32767 0;0
766 NONE 0;32767 0;0
767 NONE 0;32767 0;0
768 NONE 0;32767 0;0
769 NONE 0;32767 0;0
770 NONE 0;32767 0;0
771 NONE 0;32767 0;0
772 NONE 0;32767 0;0
773 NONE 0;32767 0;0
774 NONE 0;32767 0;0
775 KEY_ZL 0;0 0;0
776 KEY_Y -32767;0 0;0
777 NONE 32767;0 0;0
778 NONE 0;32767 0;0
779 NONE -32767;0 0;0
780 NONE 32767;0 0;0
781 NONE 0;32767 0;0
782 NONE -32767;0 0;0
783 NONE 32767;0 0;0
784 NONE 0;32767 0;0
785 NONE -32767;0 0;0
786 NONE 32767;0 0;0
787 NONE 0;32767 0;0
788 NONE -32767;0 0;0
789 NONE 32767;0 0;0
790 NONE 0;32767 0;0
791 NONE -32767;0 0;0
792 NONE 32767;0 0;0
793 NONE 0;32767 0;0
794 NONE -32767;0 0;0
795 NONE 32767;0 0;0
796 NONE 0;32767 0;0
797 NONE -32767;0 0;0
798 NONE 32767;0 0;0
799 NONE 0;32767 0;0
800 NONE -32767;0 0;0
801 NONE 32767;0 0;0
802 NONE 0;32767 0;0
803 NONE -32767;0 0;0
804 NONE 32767;0 0;0
805 NONE 0;32767 0;0
806 NONE -32767;0 0;0
807 NONE 32767;0 0;0
808 KEY_A -28377;-16383 0;0
809 KEY_ZL -28377;-16383 0;0
810 KEY_ZL -28377;-16383 0;0
811 KEY_ZL -28377;-16383 0;0
812 KEY_ZL -28377;-16383 0;0
813 KEY_ZL -28377;-16383 0;0
814 KEY_ZL -28377;-16383 0;0
815 KEY_ZL;KEY_Y -28377;-16383 0;0
816 NONE -32767;0 0;0
817 NONE -32767;0 0;0
818 NONE -32767;0 0;0
819 NONE -32767;0 0;0
820 NONE -32767;0 0;0
821 NONE -32767;0 0;0
822 NONE -32767;0 0;0
823 NONE -32767;0 0;0
824 NONE -32767;0 0;0
825 NONE -32767;0 0;0
826 NONE -32767;0 0;0
827 NONE -32767;0 0;0
828 NONE -32767;0 0;0
829 NONE -32767;0 0;0
830 NONE -32767;0 0;0
831 NONE -32767;0 0;0
832 NONE -32767;0 0;0
833 NONE -32767;0 0;0
834 NONE -32767;0 0;0
835 NONE -32767;0 0;0
836 NONE -32767;0 0;0
837 NONE -32767;0 0;0
838 NONE -32767;0 0;0
839 NONE -32767;0 0;0
840 NONE -32767;0 0;0
841 NONE -32767;0 0;0
842 NONE -32767;0 0;0
843 NONE -32767;0 0;0
844 NONE -32767;0 0;0
845 NONE -32767;0 0;0
846 NONE -32767;0 0;0
847 NONE -32767;0 0;0
848 NONE -32767;0 0;0
849 NONE -32767;0 0;0
850 NONE -32767;0 0;0
851 NONE -32767;0 0;0
852 NONE -32767;0 0;0
853 NONE -32767;0 0;0
854 NONE -32767;0 0;0
855 NONE -32767;0 0;0
856 NONE -32767;0 0;0
857 KEY_A 0;0 0;0
858 KEY_A 0;0 0;0
859 KEY_A 0;0 0;0
860 KEY_A 0;0 0;0
861 KEY_A 0;0 0;0
862 NONE -13847;-29696 0;0
863 NONE -13847;-29696 0;0
864 NONE -13847;-29696 0;0
865 NONE -13847;-29696 0;0
866 NONE -13847;-29696 0;0
867 NONE -13847;-29696 0;0
868 NONE -13847;-29696 0;0
869 NONE -13847;-29696 0;0
870 NONE -13847;-29696 0;0
871 NONE -13847;-29696 0;0
872 NONE -13847;-29696 0;0
873 NONE -13847;-29696 0;0
874 NONE -13847;-29696 0;0
875 NONE -13847;-29696 0;0
876 NONE -13847;-29696 0;0
877 NONE -13847;-29696 0;0
878 NONE -13847;-29696 0;0
879 NONE -13847;-29696 0;0
880 NONE -13847;-29696 0;0
881 NONE -13847;-29696 0;0
882 NONE -13847;-29696 0;0
883 NONE -13847;-29696 0;0
884 NONE -13847;-29696 0;0
885 NONE -13847;-29696 0;0
886 NONE -13847;-29696 0;0
887 NONE -13847;-29696 0;0
888 NONE -13847;-29696 0;0
889 NONE -13847;-29696 0;0
890 NONE -13847;-29696 0;0
891 NONE -13847;-29696 0;0
892 NONE -13847;-29696 0;0
893 NONE -13847;-29696 0;0
894 KEY_A -13847;-29696 0;0
895 KEY_A -13847;-29696 0;0
896 KEY_A -13847;-29696 0;0
897 KEY_A -13847;-29696 0;0
898 KEY_A -13847;-29696 0;0
899 KEY_A -13847;-29696 0;0
900 KEY_A -13847;-29696 0;0
901 KEY_A -13847;-29696 0;0
902 KEY_A -13847;-29696 0;0
903 KEY_A -13847;-29696 0;0
904 NONE 0;-32767 0;0
905 NONE 0;-32767 0;0
906 NONE 0;-32767 0;0
907 NONE 0;-32767 0;0
908 NONE 0;-32767 0;0
909 NONE 0;-32767 0;0
910 NONE 0;-32767 0;0
911 NONE 0;-32767 0;0
912 NONE 0;-32767 0;0
913 NONE 0;-32767 0;0
914 NONE 0;-32767 0;0
915 NONE 0;-32767 0;0
916 NONE 0;-32767 0;0
917 NONE 0;-32767 0;0
918 NONE 0;-32767 0;0
919 NONE 0;-32767 0;0
920 NONE 0;-32767 0;0
921 NONE 0;-32767 0;0
922 NONE 0;-32767 0;0
923 NONE 0;-32767 0;0
924 NONE 0;-32767 0;0
925 NONE 0;-32767 0;0
926 NONE 0;-32767 0;0
927 NONE 0;-32767 0;0
928 NONE 0;-32767 0;0
929 NONE 0;-32767 0;0
930 NONE 0;-32767 0;0
931 NONE 0;-32767 0;0
932 NONE 0;-32767 0;0
933 NONE 0;-32767 0;0
934 NONE 0;-32767 0;0
935 NONE 0;-32767 0;0
936 NONE 0;-32767 0;0
937 NONE 0;-32767 0;0
938 NONE 0;-32767 0;0
939 NONE 0;-32767 0;0
940 NONE 0;-32767 0;0
941 KEY_A 0;32767 0;0
942 KEY_A 0;32767 0;0
943 KEY_A 0;32767 0;0
944 KEY_A 0;32767 0;0
945 KEY_A 0;32767 0;0
946 KEY_A 0;32767 0;0
947 KEY_A 0;32767 0;0
948 KEY_A 0;32767 0;0
949 KEY_A 0;32767 0;0
950 KEY_A 0;32767 0;0
951 NONE 0;32767 0;0
952 NONE 0;32767 0;0
953 NONE 0;32767 0;0
954 NONE 0;32767 0;0
955 NONE 0;32767 0;0
956 NONE 0;32767 0;0
957 NONE 0;32767 0;0
958 NONE 0;32767 0;0
959 NONE 0;32767 0;0
960 NONE 0;32767 0;0
961 NONE 0;32767 0;0
962 NONE 0;32767 0;0
963 NONE 0;32767 0;0
964 NONE 0;32767 0;0
965 NONE 0;32767 0;0
966 NONE 0;32767 0;0
967 NONE 0;32767 0;0
968 NONE 0;32767 0;0
969 NONE 0;32767 0;0
970 NONE 0;32767 0;0
971 NONE 0;32767 0;0
972 NONE 0;32767 0;0
973 NONE 0;32767 0;0
974 NONE 0;32767 0;0
975 NONE 0;32767 0;0
976 NONE 0;32767 0;0
977 NONE 0;32767 0;0
978 NONE 0;32767 0;0
979 NONE 0;32767 0;0
980 NONE 0;32767 0;0
981 KEY_ZL 0;0 0;0
982 KEY_Y -32767;0 0;0
983 NONE 32767;0 0;0
984 NONE 0;32767 0;0
985 NONE -32767;0 0;0
986 NONE 32767;0 0;0
987 NONE 0;32767 0;0
988 NONE -32767;0 0;0
989 NONE 32767;0 0;0
990 NONE 0;32767 0;0
991 NONE -32767;0 0;0
992 NONE 32767;0 0;0
993 NONE 0;32767 0;0
994 NONE -32767;0 0;0
995 NONE 32767;0 0;0
996 NONE 0;32767 0;0
997 NONE -32767;0 0;0
998 NONE 32767;0 0;0
999 NONE 0;32767 0;0
1000 NONE -32767;0 0;0
1001 NONE 32767;0 0;0
1002 NONE 0;32767 0;0
1003 NONE -32767;0 0;0
1004 NONE 32767;0 0;0
1005 NONE 0;32767 0;0
1006 NONE -32767;0 0;0
1007 NONE 32767;0 0;0
1008 NONE 0;32767 0;0
1009 NONE -32767;0 0;0
1010 NONE 32767;0 0;0
1011 NONE 0;32767 0;0
1012 NONE -32767;0 0;0
1013 NONE 32767;0 0;0
1014 NONE 0;32767 0;0
1015 NONE -32767;0 0;0
1016 NONE 32767;0 0;0
1017 NONE 0;32767 0;0
1018 NONE -32767;0 0;0
1019 NONE 32767;0 0;0
1020 NONE 0;32767 0;0
1021 NONE -32767;0 0;0
1022 NONE 32767;0 0;0
1023 NONE 0;32767 0;0
1024 NONE -32767;0 0;0
1025 NONE 32767;0 0;0
1026 NONE 0;32767 0;0
1027 NONE -32767;0 0;0
1028 NONE 32767;0 0;0
1029 NONE 0;32767 0;0
1030 NONE -32767;0 0;0
1031 NONE 32767;0 0;0
1032 NONE 0;32767 0;0
1033 NONE 32767;0 0;0
1034 NONE 32767;0 0;0
1035 NONE 32767;0 0;0
1036 NONE 32767;0 0;0
1037 NONE 32767;0 0;0
1038 KEY_A 32767;0 0;0
1039 NONE 32767;0 0;0
1040 NONE 32767;0 0;0
1041 NONE 32767;0 0;0
1042 NONE 32767;0 0;0
1043 NONE 32767;0 0;0
1044 NONE 32767;0 0;0
1045 NONE 32767;0 0;0
1046 NONE 32767;0 0;0
1047 NONE 32767;0 0;0
1048 NONE 32767;0 0;0
1049 NONE 32767;0 0;0
1050 NONE 32767;0 0;0
1051 NONE 32767;0 0;0
1052 NONE 32767;0 0;0
1053 NONE 32767;0 0;0
1054 NONE 32767;0 0;0
1055 NONE 32767;0 0;0
1056 NONE 32767;0 0;0
1057 NONE 32767;0 0;0
1058 NONE 32767;0 0;0
1059 KEY_ZL 32767;0 0;0
1060 NONE 32767;0 0;0
1061 NONE 32767;0 0;0
1062 NONE 32767;0 0;0
1063 NONE 32767;0 0;0
1064 NONE 32767;0 0;0
1065 NONE 32767;0 0;0
1066 NONE 32767;0 0;0
1067 NONE 32767;0 0;0
1068 KEY_A 32767;0 0;0
1069 KEY_A 32767;0 0;0
1070 KEY_A 32767;0 0;0
1071 KEY_A 32767;0 0;0
1072 KEY_A 32767;0 0;0
1073 KEY_A 32767;0 0;0
1074 KEY_A 32767;0 0;0
1075 KEY_A 32767;0 0;0
1076 KEY_A 32767;0 0;0
1077 KEY_A 32767;0 0;0
1078 NONE 32767;0 0;0
1079 NONE 32767;0 0;0
1080 NONE 32767;0 0;0
1081 NONE 32767;0 0;0
1082 NONE 32767;0 0;0
1083 NONE 32767;0 0;0
1084 NONE 32767;0 0;0
1085 NONE 32767;0 0;0
1086 NONE 32767;0 0;0
1087 NONE 32767;0 0;0
1088 NONE 32767;0 0;0
1089 NONE 32767;0 0;0
1090 NONE 32767;0 0;0
1091 NONE 32767;0 0;0
1092 NONE 32767;0 0;0
1093 NONE 32767;0 0;0
1094 NONE 32767;0 0;0
1095 NONE 32767;0 0;0
1096 NONE 32767;0 0;0
1097 NONE 32767;0 0;0
1098 NONE 32767;0 0;0
1099 NONE 32767;0 0;0
1100 NONE 32767;0 0;0
1101 NONE 32767;0 0;0
1102 NONE 32767;0 0;0
1103 NONE 32767;0 0;0
1104 NONE 32767;0 0;0
1105 NONE 32767;0 0;0
1106 NONE 32767;0 0;0
1107 NONE 32767;0 0;0
1108 NONE 32767;0 0;0
1109 NONE 32767;0 0;0
1110 NONE 32767;0 0;0
1111 NONE 32767;0 0;0
1112 KEY_A 32767;0 0;0
1113 NONE 0;32767 0;0
1114 NONE -32767;0 0;0
1115 NONE 0;-32767 0;0
1116 NONE 0;32767 0;0
1117 NONE -32767;0 0;0
1118 NONE 0;-32767 0;0
1119 NONE 0;32767 0;0
1120 NONE -32767;0 0;0
1121 NONE 0;-32767 0;0
1122 NONE 0;32767 0;0
1123 NONE -32767;0 0;0
1124 NONE 0;-32767 0;0
1125 NONE 0;32767 0;0
1126 NONE -32767;0 0;0
1127 NONE 0;-32767 0;0
1128 NONE 0;32767 0;0
1129 NONE -32767;0 0;0
1130 NONE 0;-32767 0;0
1131 NONE 0;32767 0;0
1132 NONE -32767;0 0;0
1133 NONE 0;-32767 0;0
1134 NONE 0;32767 0;0
1135 NONE -32767;0 0;0
1136 NONE 0;-32767 0;0
1137 NONE 0;32767 0;0
1138 NONE -32767;0 0;0
1139 NONE 0;-32767 0;0
1140 NONE 0;32767 0;0
1141 NONE -32767;0 0;0
1142 NONE 0;-32767 0;0
1143 NONE 0;32767 0;0
1144 NONE -32767;0 0;0
1145 NONE 0;-32767 0;0
1146 NONE 0;32767 0;0
1147 NONE -32767;0 0;0
1148 NONE 0;-32767 0;0
1149 NONE 0;32767 0;0
1150 NONE -32767;0 0;0
1151 NONE 0;-32767 0;0
1152 NONE 0;32767 0;0
1153 NONE -32767;0 0;0
1154 NONE 0;-32767 0;0
1155 NONE 0;32767 0;0
1156 NONE -32767;0 0;0
1157 NONE 0;-32767 0;0
1158 NONE 0;32767 0;0
1159 NONE -32767;0 0;0
1160 NONE 0;-32767 0;0
1161 NONE 0;32767 0;0
1162 NONE -32767;0 0;0
1163 NONE 0;-32767 0;0
1164 NONE 0;32767 0;0
1165 NONE -32767;0 0;0
1166 NONE 0;-32767 0;0
1167 NONE 0;32767 0;0
1168 NONE -32767;0 0;0
1169 NONE 0;-32767 0;0
1170 NONE 0;32767 0;0
1171 NONE -32767;0 0;0
1172 NONE 0;-32767 0;0
1173 KEY_A -5689;-32269 0;0
1174 KEY_ZL -5689;-32269 0;0
1175 KEY_A -5689;-32269 0;0
1176 NONE -5689;-32269 0;0
1177 NONE -5689;-32269 0;0
1178 NONE -5689;-32269 0;0
1179 NONE -5689;-32269 0;0
1180 NONE -5689;-32269 0;0
1181 NONE -5689;-32269 0;0
1182 NONE -5689;-32269 0;0
1183 NONE -5689;-32269 0;0
1184 NONE -5689;-32269 0;0
1185 NONE -5689;-32269 0;0
1186 NONE -5689;-32269 0;0
1187 NONE -5689;-32269 0;0
1188 NONE -5689;-32269 0;0
1189 NONE -5689;-32269 0;0
1190 NONE -5689;-32269 0;0
1191 NONE -5689;-32269 0;0
1192 NONE -5689;-32269 0;0
1193 NONE -5689;-32269 0;0
1194 NONE -5689;-32269 0;0
1195 NONE -5689;-32269 0;0
1196 KEY_ZL 32767;0 0;0
1197 KEY_Y -5689;-32269 0;0
1229 KEY_A 0;0 0;0
1233 KEY_ZL 0;0 0;0
1234 KEY_Y 0;0 0;0
1235 KEY_ZL -32767;0 0;0
1236 KEY_ZL 0;-32767 0;0
1237 KEY_ZL 32767;0 0;0
1238 KEY_ZL -32767;0 0;0
1239 KEY_ZL 0;-32767 0;0
1240 KEY_ZL 32767;0 0;0
1241 KEY_ZL -32767;0 0;0
1242 KEY_ZL 0;-32767 0;0
1243 KEY_ZL 32767;0 0;0
1244 KEY_ZL -32767;0 0;0
1245 KEY_ZL 0;-32767 0;0
1246 KEY_ZL 32767;0 0;0
1247 KEY_ZL -32767;0 0;0
1248 KEY_ZL 0;-32767 0;0
1249 KEY_ZL 32767;0 0;0
1250 KEY_ZL -32767;0 0;0
1251 KEY_ZL 0;-32767 0;0
1252 KEY_ZL 32767;0 0;0
1253 KEY_ZL -32767;0 0;0
1254 KEY_ZL 0;-32767 0;0
1255 KEY_ZL 32767;0 0;0
1256 KEY_ZL -32767;0 0;0
1257 KEY_ZL 0;-32767 0;0
1258 KEY_ZL 32767;0 0;0
1259 KEY_ZL -32767;0 0;0
1260 KEY_ZL 0;-32767 0;0
1261 KEY_ZL 32767;0 0;0
1262 KEY_ZL -32767;0 0;0
1263 KEY_ZL 0;-32767 0;0
1264 KEY_ZL 32767;0 0;0
1265 KEY_ZL -32767;0 0;0
1266 KEY_ZL 0;-32767 0;0
1267 KEY_ZL 32767;0 0;0
1268 KEY_ZL -32767;0 0;0
1269 KEY_ZL 0;-32767 0;0
1270 KEY_ZL 32767;0 0;0
1271 KEY_ZL -32767;0 0;0
1272 KEY_ZL 0;-32767 0;0
1273 KEY_ZL 32767;0 0;0
1274 KEY_ZL -32767;0 0;0
1275 KEY_ZL 0;-32767 0;0
1276 KEY_ZL 32767;0 0;0
1277 KEY_ZL -32767;0 0;0
1278 KEY_ZL 0;-32767 0;0
1279 KEY_ZL 32767;0 0;0
1280 KEY_ZL -32767;0 0;0
1281 KEY_ZL 0;-32767 0;0
1282 KEY_ZL 32767;0 0;0
1283 KEY_ZL -32767;0 0;0
1284 KEY_ZL 0;-32767 0;0
1285 NONE -32767;0 0;0
1286 NONE 0;-32767 0;0
1287 NONE 32767;0 0;0
1288 NONE -32767;0 0;0
1289 NONE 0;-32767 0;0
1290 NONE 32767;0 0;0
1291 NONE -32767;0 0;0
1292 NONE 0;-32767 0;0
1293 NONE 32767;0 0;0
1294 NONE -32767;0 0;0
1295 NONE 0;-32767 0;0
1296 NONE 32767;0 0;0
1297 KEY_A -32767;0 0;0
1298 KEY_ZL 0;-32767 0;0
1299 KEY_ZL 32767;0 0;0
1300 KEY_ZL 0;32767 0;0
1301 KEY_ZL -32767;0 0;0
1302 KEY_ZL 0;-32767 0;0
1303 KEY_ZL 32767;0 0;0
1304 KEY_ZL 0;32767 0;0
1305 NONE -32767;0 0;0
1306 NONE 0;-32767 0;0
1307 NONE 32767;0 0;0
1308 NONE 0;32767 0;0
1309 NONE -32767;0 0;0
1310 NONE 0;-32767 0;0
1311 NONE 32767;0 0;0
1312 NONE 0;32767 0;0
1313 NONE -32767;0 0;0
1314 NONE 0;-32767 0;0
1315 NONE 32767;0 0;0
1316 NONE 0;32767 0;0
1317 NONE -32767;0 0;0
1318 NONE 0;-32767 0;0
1319 NONE 32767;0 0;0
1320 NONE 0;32767 0;0
1321 NONE -32767;0 0;0
1322 NONE 0;-32767 0;0
1323 NONE 32767;0 0;0
1324 NONE 0;32767 0;0
1325 KEY_A 0;32767 0;0
1326 KEY_ZL 0;32767 0;0
1327 KEY_ZL 0;32767 0;0
1328 KEY_ZL 0;32767 0;0
1329 KEY_ZL 0;32767 0;0
1330 KEY_ZL 0;32767 0;0
1331 KEY_ZL 0;32767 0;0
1332 KEY_ZL 0;32767 0;0
1333 KEY_ZL;KEY_Y 0;32767 0;0
1334 NONE 0;32767 0;0
1335 NONE 0;32767 0;0
1336 NONE 0;32767 0;0
1337 NONE 0;32767 0;0
1338 NONE 0;32767 0;0
1339 NONE 0;32767 0;0
1340 NONE 0;32767 0;0
1341 NONE 0;32767 0;0
1342 NONE 0;32767 0;0
1343 NONE 0;32767 0;0
1344 NONE 0;32767 0;0
1345 NONE 0;32767 0;0
1346 NONE 0;32767 0;0
1347 NONE 0;32767 0;0
1348 NONE 0;32767 0;0
1349 NONE 0;32767 0;0
1350 NONE 0;32767 0;0
1351 NONE 0;32767 0;0
1352 NONE 0;32767 0;0
1353 NONE 0;32767 0;0
1354 NONE 0;32767 0;0
1355 NONE 0;32767 0;0
1356 NONE 0;32767 0;0
1357 NONE 0;32767 0;0
1358 NONE 0;32767 0;0
1359 NONE 0;32767 0;0
1360 NONE 0;32767 0;0
1361 NONE 0;32767 0;0
1362 NONE 0;32767 0;0
1363 NONE 0;32767 0;0
1364 NONE 0;32767 0;0
1365 NONE 0;32767 0;0
1366 NONE 0;32767 0;0
1367 NONE 0;32767 0;0
1368 NONE 0;32767 0;0
1369 NONE 0;32767 0;0
1370 NONE 0;32767 0;0
1371 NONE 0;32767 0;0
1372 NONE 0;32767 0;0
1373 NONE 0;32767 0;0
1374 NONE 0;32767 0;0
1375 KEY_A 0;32767 0;0
1376 KEY_A 0;32767 0;0
1377 KEY_A 0;32767 0;0
1378 KEY_A 0;32767 0;0
1379 KEY_A 0;32767 0;0
1380 KEY_A 0;32767 0;0
1381 NONE 0;32767 0;0
1382 NONE 0;32767 0;0
1383 NONE 0;32767 0;0
1384 NONE 0;32767 0;0
1385 NONE 0;32767 0;0
1386 NONE 0;32767 0;0
1387 NONE 0;32767 0;0
1388 NONE 0;32767 0;0
1389 NONE 0;32767 0;0
1390 NONE 0;32767 0;0
1391 NONE 0;32767 0;0
1392 NONE 0;32767 0;0
1393 NONE 0;32767 0;0
1394 NONE 0;32767 0;0
1395 NONE 0;32767 0;0
1396 NONE 0;32767 0;0
1397 NONE 0;32767 0;0
1398 NONE 0;32767 0;0
1399 NONE 0;32767 0;0
1400 NONE 0;32767 0;0
1401 NONE 0;32767 0;0
1402 NONE 0;32767 0;0
1403 NONE 0;32767 0;0
1404 NONE 0;32767 0;0
1405 NONE 0;32767 0;0
1406 NONE 0;32767 0;0
1407 NONE 0;32767 0;0
1408 NONE 0;32767 0;0
1409 NONE 0;32767 0;0
1410 KEY_A 0;32767 0;0
1436 NONE -625;3549 0;0
1437 NONE 932;3481 0;0
1438 KEY_ZL 2316;2761 0;0
1439 KEY_Y 0;0 0;0
1440 NONE -32767;0 0;0
1441 NONE -32767;0 0;0
1442 NONE -32767;0 0;0
1443 NONE -32767;0 0;0
1444 NONE -32767;0 0;0
1445 NONE -32767;0 0;0
1446 NONE -32767;0 0;0
1447 NONE -32767;0 0;0
1448 NONE -32767;0 0;0
1449 NONE -32767;0 0;0
1450 NONE -32767;0 0;0
1451 NONE -32767;0 0;0
1452 NONE -32767;0 0;0
1453 NONE -32767;0 0;0
1454 NONE -32767;0 0;0
1455 NONE -32767;0 0;0
1456 NONE -32767;0 0;0
1457 NONE -32767;0 0;0
1458 NONE -32767;0 0;0
1459 NONE -32767;0 0;0
1460 NONE -32767;0 0;0
1461 NONE -32767;0 0;0
1462 NONE -32767;0 0;0
1463 NONE -32767;0 0;0
1464 NONE -32767;0 0;0
1465 NONE -32767;0 0;0
1466 NONE -32767;0 0;0
1467 NONE -32767;0 0;0
1468 NONE -32767;0 0;0
1469 NONE -32767;0 0;0
1470 NONE -32767;0 0;0
1471 NONE -32767;0 0;0
1472 NONE -32767;0 0;0
1473 NONE -32767;0 0;0
1474 NONE -32767;0 0;0
1475 NONE -32767;0 0;0
1476 NONE -32767;0 0;0
1477 NONE -32767;0 0;0
1478 NONE -32767;0 0;0
1479 NONE -32767;0 0;0
1480 NONE -32767;0 0;0
1481 NONE -32767;0 0;0
1482 NONE -32767;0 0;0
1483 NONE -32767;0 0;0
1484 NONE -32767;0 0;0
1485 NONE -32767;0 0;0
1486 NONE -32767;0 0;0
1487 NONE -32767;0 0;0
1488 NONE -32767;0 0;0
1489 KEY_ZL -32767;0 0;0
1490 KEY_Y 0;0 0;0
1491 NONE -32767;0 0;0
1492 NONE -32767;0 0;0
1493 NONE -32767;0 0;0
1494 NONE -32767;0 0;0
1495 NONE -32767;0 0;0
1496 NONE -32767;0 0;0
1497 NONE -32767;0 0;0
1498 NONE -32767;0 0;0
1499 NONE -32767;0 0;0
1500 NONE -32767;0 0;0
1501 NONE -32767;0 0;0
1502 NONE -32767;0 0;0
1503 NONE -32767;0 0;0
1504 NONE -32767;0 0;0
1505 NONE -32767;0 0;0
1506 NONE -32767;0 0;0
1507 NONE -32767;0 0;0
1508 NONE -32767;0 0;0
1509 NONE -32767;0 0;0
1510 NONE -32767;0 0;0
1511 NONE -32767;0 0;0
1512 NONE -32767;0 0;0
1513 NONE -32767;0 0;0
1514 NONE -32767;0 0;0
1515 NONE -32767;0 0;0
1516 NONE -32767;0 0;0
1517 NONE -32767;0 0;0
1518 KEY_A -32767;0 0;0
1519 NONE -32767;0 0;0
1520 NONE -32767;0 0;0
1521 NONE -32767;0 0;0
1522 NONE -32767;0 0;0
1523 NONE -32767;0 0;0
1524 NONE -32767;0 0;0
1525 NONE -32767;0 0;0
1526 NONE -32767;0 0;0
1527 NONE -32767;0 0;0
1528 NONE -32767;0 0;0
1529 NONE -32767;0 0;0
1530 NONE -32767;0 0;0
1531 NONE -32767;0 0;0
1532 NONE -32767;0 0;0
1533 NONE -32767;0 0;0
1534 NONE -32767;0 0;0
1535 NONE -32767;0 0;0
1536 NONE -32767;0 0;0
1537 NONE -32767;0 0;0
1538 NONE -32767;0 0;0
1539 KEY_A -32767;0 0;0
1560 KEY_ZL 0;0 0;0
1561 KEY_Y 0;0 0;0
1597 NONE -32767;0 0;0
1598 NONE -32767;0 0;0
1599 NONE -32767;0 0;0
1600 NONE -32767;0 0;0
1601 NONE -32767;0 0;0
1602 NONE -32767;0 0;0
1603 NONE -32767;0 0;0
1604 NONE -32767;0 0;0
1605 NONE -32767;0 0;0
1606 NONE -32767;0 0;0
1607 KEY_A -32767;0 0;0
1608 NONE -32767;0 0;0
1609 NONE -32767;0 0;0
1610 NONE -32767;0 0;0
1611 NONE -32767;0 0;0
1612 NONE -32767;0 0;0
1613 NONE -32767;0 0;0
1614 NONE -32767;0 0;0
1615 NONE -32767;0 0;0
1616 NONE -32767;0 0;0
1617 NONE -32767;0 0;0
1618 NONE -32767;0 0;0
1619 NONE -32767;0 0;0
1620 NONE -32767;0 0;0
1621 NONE -32767;0 0;0
1622 NONE -32767;0 0;0
1623 NONE -32767;0 0;0
1624 NONE -32767;0 0;0
1625 NONE -32767;0 0;0
1626 NONE -32767;0 0;0
1627 NONE -32767;0 0;0
1628 KEY_ZL -32767;0 0;0
1629 KEY_Y 0;0 0;0
1630 NONE 0;32767 0;0
1631 NONE -32767;0 0;0
1632 NONE 0;-32767 0;0
1633 NONE 0;32767 0;0
1634 NONE -32767;0 0;0
1635 NONE 0;-32767 0;0
1636 NONE 0;32767 0;0
1637 NONE -32767;0 0;0
1638 NONE 0;-32767 0;0
1639 NONE 0;32767 0;0
1640 NONE -32767;0 0;0
1641 NONE 0;-32767 0;0
1642 NONE 0;32767 0;0
1643 NONE -32767;0 0;0
1644 NONE 0;-32767 0;0
1645 NONE 0;32767 0;0
1646 NONE -32767;0 0;0
1647 NONE 0;-32767 0;0
1648 NONE 0;32767 0;0
1649 NONE -32767;0 0;0
1650 NONE 0;-32767 0;0
1651 NONE 0;32767 0;0
1652 NONE -32767;0 0;0
1653 NONE 0;-32767 0;0
1654 NONE 0;32767 0;0
1655 NONE -32767;0 0;0
1656 NONE 0;-32767 0;0
1657 NONE 0;32767 0;0
1658 NONE -32767;0 0;0
1659 NONE 0;-32767 0;0
1660 NONE 0;32767 0;0
1661 NONE -32767;0 0;0
1662 NONE 0;-32767 0;0
1663 NONE 0;32767 0;0
1664 NONE -32767;0 0;0
1665 NONE 0;-32767 0;0
1666 NONE 0;32767 0;0
1667 NONE -32767;0 0;0
1668 NONE 0;-32767 0;0
1669 NONE 0;32767 0;0
1670 NONE -32767;0 0;0
1671 NONE 0;-32767 0;0
1672 NONE 0;32767 0;0
1673 NONE -32767;0 0;0
1674 NONE 0;-32767 0;0
1675 KEY_A 0;-32767 0;0
1676 KEY_ZL 0;-32767 0;0
1677 KEY_ZL 0;-32767 0;0
1678 KEY_ZL 0;-32767 0;0
1679 KEY_ZL 0;-32767 0;0
1680 KEY_ZL 0;-32767 0;0
1681 KEY_ZL 0;-32767 0;0
1682 KEY_ZL 0;-32767 0;0
1683 KEY_ZL;KEY_Y 0;-32767 0;0
1684 NONE -32767;0 0;0
1685 NONE 0;-32767 0;0
1686 NONE 32767;0 0;0
1687 NONE -32767;0 0;0
1688 NONE 0;-32767 0;0
1689 NONE 32767;0 0;0
1690 NONE -32767;0 0;0
1691 NONE 0;-32767 0;0
1692 NONE 32767;0 0;0
1693 NONE -32767;0 0;0
1694 NONE 0;-32767 0;0
1695 NONE 32767;0 0;0
1696 NONE -32767;0 0;0
1697 NONE 0;-32767 0;0
1698 NONE 32767;0 0;0
1699 NONE -32767;0 0;0
1700 NONE 0;-32767 0;0
1701 NONE 32767;0 0;0
1702 NONE -32767;0 0;0
1703 NONE 0;-32767 0;0
1704 NONE 32767;0 0;0
1705 NONE -32767;0 0;0
1706 NONE 0;-32767 0;0
1707 NONE 32767;0 0;0
1708 NONE -32767;0 0;0
1709 NONE 0;-32767 0;0
1710 NONE 32767;0 0;0
1711 NONE -32767;0 0;0
1712 NONE 0;-32767 0;0
1713 NONE 32767;0 0;0
1714 NONE -32767;0 0;0
1715 NONE 0;-32767 0;0
1716 NONE 32767;0 0;0
1717 NONE -32767;0 0;0
1718 NONE 0;-32767 0;0
1719 NONE 32767;0 0;0
1720 NONE -32767;0 0;0
1721 NONE 0;-32767 0;0
1722 NONE 32767;0 0;0
1723 NONE -32767;0 0;0
1724 NONE 0;-32767 0;0
1725 NONE 32767;0 0;0
1726 KEY_A -23169;23169 0;0
1727 KEY_ZL -23169;23169 0;0
1728 KEY_ZL -23169;23169 0;0
1729 KEY_ZL -23169;23169 0;0
1730 KEY_ZL -23169;23169 0;0
1731 KEY_ZL -23169;23169 0;0
1732 KEY_ZL -23169;23169 0;0
1733 KEY_ZL -23169;23169 0;0
1734 KEY_ZL;KEY_Y -23169;23169 0;0
1735 NONE 0;32767 0;0
1736 NONE -28377;-16383 0;0
1737 NONE 28377;-16383 0;0
1738 NONE 0;32767 0;0
1739 NONE -28377;-16383 0;0
1740 NONE 28377;-16383 0;0
1741 NONE 0;32767 0;0
1742 NONE -28377;-16383 0;0
1743 NONE 28377;-16383 0;0
1744 NONE 0;32767 0;0
1745 NONE -28377;-16383 0;0
1746 NONE 28377;-16383 0;0
1747 NONE 0;32767 0;0
1748 NONE -28377;-16383 0;0
1749 NONE 28377;-16383 0;0
1750 NONE 0;32767 0;0
1751 NONE -28377;-16383 0;0
1752 NONE 28377;-16383 0;0
1753 NONE 0;32767 0;0
1754 NONE -28377;-16383 0;0
1755 NONE 28377;-16383 0;0
1756 NONE 0;32767 0;0
1757 NONE -28377;-16383 0;0
1758 NONE 28377;-16383 0;0
1759 NONE 0;32767 0;0
1760 NONE -28377;-16383 0;0
1761 NONE 28377;-16383 0;0
1762 NONE 0;32767 0;0
1763 NONE -28377;-16383 0;0
1764 NONE 28377;-16383 0;0
1765 NONE 0;32767 0;0
1766 NONE -28377;-16383 0;0
1767 NONE 28377;-16383 0;0
1768 NONE 0;32767 0;0
1769 NONE -28377;-16383 0;0
1770 NONE 28377;-16383 0;0
1771 NONE 0;32767 0;0
1772 NONE -28377;-16383 0;0
1773 NONE 28377;-16383 0;0
1774 NONE 0;32767 0;0
1775 NONE -28377;-16383 0;0
1776 NONE 28377;-16383 0;0
1777 NONE 0;32767 0;0
1778 NONE -28377;-16383 0;0
1779 NONE 28377;-16383 0;0
1780 NONE 0;32767 0;0
1781 NONE -28377;-16383 0;0
1782 NONE 28377;-16383 0;0
1783 NONE 0;32767 0;0
1784 NONE -28377;-16383 0;0
1785 NONE 28377;-16383 0;0
1786 NONE 0;32767 0;0
1787 NONE -28377;-16383 0;0
1788 NONE 28377;-16383 0;0
1789 NONE 0;32767 0;0
1790 NONE -28377;-16383 0;0
1791 NONE 28377;-16383 0;0
1792 NONE 0;32767 0;0
1793 NONE -28377;-16383 0;0
1794 NONE 28377;-16383 0;0
1795 NONE 0;32767 0;0
1796 NONE -28377;-16383 0;0
1797 NONE 28377;-16383 0;0
1798 NONE 0;32767 0;0
1799 NONE -28377;-16383 0;0
1800 NONE 28377;-16383 0;0
1801 NONE 0;32767 0;0
1802 NONE -28377;-16383 0;0
1803 NONE 28377;-16383 0;0
1804 NONE 0;32767 0;0
1805 NONE -28377;-16383 0;0
1806 NONE 28377;-16383 0;0
1807 NONE 0;32767 0;0
1808 NONE -28377;-16383 0;0
1809 NONE 28377;-16383 0;0
1810 NONE 0;32767 0;0
1811 NONE -28377;-16383 0;0
1812 NONE 28377;-16383 0;0
1813 NONE 0;32767 0;0
1814 NONE -28377;-16383 0;0
1815 NONE 28377;-16383 0;0
1816 NONE 0;32767 0;0
1817 NONE -28377;-16383 0;0
1818 NONE 28377;-16383 0;0
1819 NONE 0;32767 0;0
1820 NONE -28377;-16383 0;0
1821 NONE 28377;-16383 0;0
1822 NONE 0;32767 0;0
1823 NONE -28377;-16383 0;0
1824 NONE 28377;-16383 0;0
1825 NONE 0;32767 0;0
1826 NONE -28377;-16383 0;0
1827 NONE 28377;-16383 0;0
1828 NONE 0;32767 0;0
1829 NONE -28377;-16383 0;0
1830 NONE 28377;-16383 0;0
1831 NONE 0;32767 0;0
1832 NONE -28377;-16383 0;0
1833 NONE 28377;-16383 0;0
1834 NONE 0;32767 0;0
1835 NONE -28377;-16383 0;0
1836 NONE 28377;-16383 0;0
1837 NONE 0;32767 0;0
1838 NONE -28377;-16383 0;0
1839 NONE 28377;-16383 0;0
1840 NONE 0;32767 0;0
1841 NONE -28377;-16383 0;0
1842 NONE 28377;-16383 0;0
1843 NONE 0;32767 0;0
1844 NONE -28377;-16383 0;0
1845 NONE 28377;-16383 0;0
1846 NONE 0;32767 0;0
1847 NONE -28377;-16383 0;0
1848 NONE 28377;-16383 0;0
1849 NONE 0;32767 0;0
1850 NONE -28377;-16383 0;0
1851 NONE 28377;-16383 0;0
1852 NONE 0;32767 0;0
1853 NONE -28377;-16383 0;0
1854 NONE 28377;-16383 0;0
1855 NONE 0;32767 0;0
1856 NONE -28377;-16383 0;0
1857 NONE 28377;-16383 0;0
1858 NONE 0;32767 0;0
1859 NONE -28377;-16383 0;0
1860 NONE 28377;-16383 0;0
1861 NONE 0;32767 0;0
1862 NONE -28377;-16383 0;0
1863 NONE 28377;-16383 0;0
1864 NONE 0;32767 0;0
1865 KEY_A -32767;0 0;0
1866 KEY_ZL -32767;0 0;0
1867 KEY_ZL -32767;0 0;0
1868 KEY_ZL -32767;0 0;0
1869 KEY_ZL -32767;0 0;0
1870 KEY_ZL -32767;0 0;0
1871 KEY_ZL -32767;0 0;0
1872 KEY_ZL -32767;0 0;0
1873 KEY_ZL;KEY_Y -32767;0 0;0
1874 KEY_ZL;KEY_Y -32767;0 0;0
1875 KEY_ZL;KEY_Y -32767;0 0;0
1876 KEY_ZL;KEY_Y -32767;0 0;0
1877 KEY_ZL;KEY_Y -32767;0 0;0
1878 KEY_A -32767;0 0;0
1879 NONE 0;32767 0;0
1880 NONE -32767;0 0;0
1881 NONE 0;-32767 0;0
1882 NONE 0;32767 0;0
1883 NONE -32767;0 0;0
1884 NONE 0;-32767 0;0
1885 NONE 0;32767 0;0
1886 NONE -32767;0 0;0
1887 NONE 0;-32767 0;0
1888 NONE 0;32767 0;0
1889 NONE -32767;0 0;0
1890 NONE 0;-32767 0;0
1891 NONE 0;32767 0;0
1892 NONE -32767;0 0;0
1893 NONE 0;-32767 0;0
1894 NONE 0;32767 0;0
1895 NONE -32767;0 0;0
1896 NONE 0;-32767 0;0
1897 NONE 0;32767 0;0
1898 NONE -32767;0 0;0
1899 NONE 0;-32767 0;0
1900 NONE 0;32767 0;0
1901 NONE -32767;0 0;0
1902 NONE 0;-32767 0;0
1903 NONE 0;32767 0;0
1904 NONE -32767;0 0;0
1905 NONE 0;-32767 0;0
1906 NONE 0;32767 0;0
1907 NONE -32767;0 0;0
1908 NONE 0;-32767 0;0
1909 NONE 0;32767 0;0
1910 NONE -32767;0 0;0
1911 NONE 0;-32767 0;0
1912 NONE 0;32767 0;0
1913 NONE -32767;0 0;0
1914 NONE 0;-32767 0;0
1915 NONE 0;32767 0;0
1916 NONE -32767;0 0;0
1917 NONE 0;-32767 0;0
1918 NONE 0;32767 0;0
1919 NONE -32767;0 0;0
1920 NONE 0;-32767 0;0
1921 NONE 0;32767 0;0
1922 NONE -32767;0 0;0
1923 NONE 0;-32767 0;0
1924 NONE 0;32767 0;0
1925 NONE -32767;0 0;0
1926 NONE 0;-32767 0;0
1927 NONE 0;32767 0;0
1928 NONE -32767;0 0;0
1932 KEY_A 32767;0 0;0
1933 NONE 32767;0 0;0
1934 NONE 32767;0 0;0
1935 NONE 32767;0 0;0
1936 NONE 32767;0 0;0
1937 NONE 32767;0 0;0
1938 NONE 32767;0 0;0
1939 NONE 32767;0 0;0
1940 NONE 32767;0 0;0
1941 NONE 32767;0 0;0
1942 NONE 32767;0 0;0
1943 NONE 32767;0 0;0
1944 NONE 32767;0 0;0
1945 NONE 32767;0 0;0
1946 NONE 32767;0 0;0
1947 NONE 32767;0 0;0
1948 NONE 32767;0 0;0
1949 NONE 32767;0 0;0
1950 NONE 32767;0 0;0
1951 NONE 32767;0 0;0
1952 NONE 32767;0 0;0
1953 NONE 32767;0 0;0
1954 NONE 32767;0 0;0
1955 NONE 32767;0 0;0
1956 NONE 32767;0 0;0
1957 NONE 32767;0 0;0
1958 NONE 32767;0 0;0
1959 NONE 32767;0 0;0
1960 NONE 32767;0 0;0
1961 NONE 32767;0 0;0
1962 NONE 32767;0 0;0
1963 NONE 32767;0 0;0
1964 NONE 32767;0 0;0
1965 NONE 32767;0 0;0
1966 NONE 32767;0 0;0
1967 NONE 32767;0 0;0
1968 NONE 32767;0 0;0
1969 NONE 32767;0 0;0
1970 NONE 32767;0 0;0
1971 NONE 32767;0 0;0
1972 NONE 32767;0 0;0
1973 NONE 32767;0 0;0
1974 NONE 32767;0 0;0
1975 NONE 32767;0 0;0
1976 NONE 32767;0 0;0
1977 NONE 32767;0 0;0
1978 NONE 32767;0 0;0
1979 NONE 32767;0 0;0
1980 NONE 32767;0 0;0
1981 NONE 32767;0 0;0
1982 NONE 32767;0 0;0
1983 NONE 32767;0 0;0
1984 NONE 32767;0 0;0
1985 NONE 32767;0 0;0
1986 NONE 32767;0 0;0
1987 NONE 32767;0 0;0
1988 NONE 32767;0 0;0
1989 NONE 32767;0 0;0
1990 NONE 32767;0 0;0
1991 NONE 32767;0 0;0
1992 NONE 32767;0 0;0
1993 NONE 32767;0 0;0
1994 NONE 32767;0 0;0
1995 NONE 32767;0 0;0
1996 NONE 32767;0 0;0
1997 NONE 32767;0 0;0
1998 NONE 32767;0 0;0
1999 NONE 32767;0 0;0
2000 NONE 32767;0 0;0
2001 NONE 32767;0 0;0
2002 NONE 32767;0 0;0
2003 NONE 32767;0 0;0
2004 NONE 32767;0 0;0
2005 NONE 32767;0 0;0
2006 NONE 32767;0 0;0
2007 NONE 32767;0 0;0
2008 NONE 32767;0 0;0
2009 NONE 32767;0 0;0
2010 NONE 32767;0 0;0
2011 NONE 32767;0 0;0
2012 NONE 32767;0 0;0
2013 NONE 32767;0 0;0
2014 NONE 32767;0 0;0
2015 KEY_ZL 32767;0 0;0
2016 KEY_Y 0;0 0;0
2049 KEY_A 0;0 0;0
2050 NONE 0;32767 0;0
2051 NONE -32767;0 0;0
2052 NONE 0;-32767 0;0
2053 NONE 0;32767 0;0
2054 NONE -32767;0 0;0
2055 NONE 0;-32767 0;0
2056 NONE 0;32767 0;0
2057 NONE -32767;0 0;0
2058 NONE 0;-32767 0;0
2059 NONE 0;32767 0;0
2060 NONE -32767;0 0;0
2061 NONE 0;-32767 0;0
2062 NONE 0;32767 0;0
2063 NONE -32767;0 0;0
2064 NONE 0;-32767 0;0
2065 NONE 0;32767 0;0
2066 NONE -32767;0 0;0
2067 NONE 0;-32767 0;0
2068 NONE 0;32767 0;0
2069 NONE -32767;0 0;0
2070 NONE 0;-32767 0;0
2071 NONE 0;32767 0;0
2072 NONE -32767;0 0;0
2073 NONE 0;-32767 0;0
2074 NONE 0;32767 0;0
2075 NONE -32767;0 0;0
2076 NONE 0;-32767 0;0
2077 NONE 0;32767 0;0
2078 NONE -32767;0 0;0
2079 NONE 0;-32767 0;0
2080 NONE 0;32767 0;0
2081 NONE -32767;0 0;0
2082 NONE 0;-32767 0;0
2083 NONE 0;32767 0;0
2084 NONE -32767;0 0;0
2085 KEY_A -11206;30790 0;0
2086 KEY_ZL -11206;30790 0;0
2087 KEY_ZL -11206;30790 0;0
2088 KEY_ZL -11206;30790 0;0
2089 KEY_ZL;KEY_A -11206;30790 0;0
2090 NONE -11206;30790 0;0
2091 NONE -11206;30790 0;0
2092 NONE -11206;30790 0;0
2093 NONE -11206;30790 0;0
2094 NONE -11206;30790 0;0
2095 NONE -11206;30790 0;0
2096 NONE -11206;30790 0;0
2097 NONE -11206;30790 0;0
2098 NONE -11206;30790 0;0
2099 NONE -11206;30790 0;0
2100 KEY_ZL 0;0 0;0
2101 KEY_Y 0;0 0;0
2102 NONE -32767;0 0;0
2103 NONE -32767;0 0;0
2104 NONE -32767;0 0;0
2105 NONE -32767;0 0;0
2106 NONE -32767;0 0;0
2107 NONE -32767;0 0;0
2108 NONE -32767;0 0;0
2109 NONE -32767;0 0;0
2110 NONE -32767;0 0;0
2111 NONE -32767;0 0;0
2112 NONE -32767;0 0;0
2113 NONE -32767;0 0;0
2114 NONE -32767;0 0;0
2115 NONE -32767;0 0;0
2116 NONE -32767;0 0;0
2117 NONE -32767;0 0;0
2118 NONE -32767;0 0;0
2119 NONE -32767;0 0;0
2120 NONE -32767;0 0;0
2121 NONE -32767;0 0;0
2122 NONE -32767;0 0;0
2123 NONE -32767;0 0;0
2124 NONE -32767;0 0;0
2125 NONE -32767;0 0;0
2126 NONE -32767;0 0;0
2127 NONE -32767;0 0;0
2128 NONE -32767;0 0;0
2129 NONE -32767;0 0;0
2130 NONE -32767;0 0;0
2131 NONE -32767;0 0;0
2132 NONE -32767;0 0;0
2133 NONE -32767;0 0;0
2134 NONE -32767;0 0;0
2135 NONE -32767;0 0;0
2136 NONE -32767;0 0;0
2137 NONE -32767;0 0;0
2138 NONE -32767;0 0;0
2139 NONE -32767;0 0;0
2140 NONE -32767;0 0;0
2141 NONE -32767;0 0;0
2142 KEY_A -32767;0 0;0
2143 KEY_A -32767;0 0;0
2144 KEY_A -32767;0 0;0
2145 KEY_A -32767;0 0;0
2146 KEY_A -32767;0 0;0
2147 KEY_A -32767;0 0;0
2148 KEY_A -32767;0 0;0
2149 KEY_A -32767;0 0;0
2150 KEY_A -32767;0 0;0
2151 KEY_A -32767;0 0;0
2152 NONE -32767;0 0;0
2153 NONE -32767;0 0;0
2154 NONE -32767;0 0;0
2155 NONE -32767;0 0;0
2156 NONE -32767;0 0;0
2157 NONE -32767;0 0;0
2158 NONE -32767;0 0;0
2159 NONE -32767;0 0;0
2160 NONE -32767;0 0;0
2161 NONE -32767;0 0;0
2162 NONE -32767;0 0;0
2163 NONE -32767;0 0;0
2164 NONE -32767;0 0;0
2165 NONE -32767;0 0;0
2166 NONE -32767;0 0;0
2167 NONE -32767;0 0;0
2168 NONE -32767;0 0;0
2169 NONE -32767;0 0;0
2170 NONE -32767;0 0;0
2171 NONE -32767;0 0;0
2172 NONE -32767;0 0;0
2173 NONE -32767;0 0;0
2174 NONE -32767;0 0;0
2175 NONE -32767;0 0;0
2176 NONE -32767;0 0;0
2177 NONE -32767;0 0;0
2178 NONE -32767;0 0;0
2179 NONE -32767;0 0;0
2180 NONE -32767;0 0;0
2181 NONE -32767;0 0;0
2182 NONE 0;32767 0;0
2183 NONE -32767;0 0;0
2184 NONE 0;-32767 0;0
2185 NONE 0;32767 0;0
2186 NONE -32767;0 0;0
2187 NONE 0;-32767 0;0
2188 NONE 0;32767 0;0
2189 NONE -32767;0 0;0
2190 NONE 0;-32767 0;0
2191 NONE 0;32767 0;0
2192 NONE -32767;0 0;0
2193 NONE 0;-32767 0;0
2194 NONE 0;32767 0;0
2195 NONE -32767;0 0;0
2196 NONE 0;-32767 0;0
2197 NONE 0;32767 0;0
2198 NONE -32767;0 0;0
2199 NONE 0;-32767 0;0
2200 NONE 0;32767 0;0
2201 NONE -32767;0 0;0
2202 NONE 0;-32767 0;0
2203 NONE 0;32767 0;0
2204 NONE -32767;0 0;0
2205 NONE 0;-32767 0;0
2206 NONE 0;32767 0;0
2207 NONE -32767;0 0;0
2208 NONE 0;-32767 0;0
2209 NONE 0;32767 0;0
2210 NONE -32767;0 0;0
2211 NONE 0;-32767 0;0
2212 KEY_A 8480;-31650 0;0
2213 KEY_ZL 8480;-31650 0;0
2214 KEY_ZL 8480;-31650 0;0
2215 KEY_ZL 8480;-31650 0;0
2216 KEY_ZL 8480;-31650 0;0
2217 KEY_ZL 8480;-31650 0;0
2218 KEY_ZL 8480;-31650 0;0
2219 KEY_ZL 8480;-31650 0;0
2220 KEY_ZL;KEY_Y 8480;-31650 0;0
2221 NONE 32767;0 0;0
2222 NONE 32767;0 0;0
2223 NONE 32767;0 0;0
2224 NONE 32767;0 0;0
2225 NONE 32767;0 0;0
2226 NONE 32767;0 0;0
2227 NONE 32767;0 0;0
2228 NONE 32767;0 0;0
2229 NONE 32767;0 0;0
2230 NONE 32767;0 0;0
2231 NONE 32767;0 0;0
2232 NONE 32767;0 0;0
2233 NONE 32767;0 0;0
2234 NONE 32767;0 0;0
2235 NONE 32767;0 0;0
2236 NONE 32767;0 0;0
2237 NONE 32767;0 0;0
2238 NONE 32767;0 0;0
2239 NONE 32767;0 0;0
2240 NONE 32767;0 0;0
2241 NONE 32767;0 0;0
2242 NONE 32767;0 0;0
2243 NONE 32767;0 0;0
2244 NONE 32767;0 0;0
2245 NONE 32767;0 0;0
2246 NONE 32767;0 0;0
2247 NONE 32767;0 0;0
2248 NONE 32767;0 0;0
2249 NONE 32767;0 0;0
2250 NONE 32767;0 0;0
2251 NONE 32767;0 0;0
2252 NONE 32767;0 0;0
2253 NONE 32767;0 0;0
2254 NONE 32767;0 0;0
2255 NONE 32767;0 0;0
2256 NONE 32767;0 0;0
2257 NONE 32767;0 0;0
2258 NONE 32767;0 0;0
2259 NONE 32767;0 0;0
2260 NONE 32767;0 0;0
2261 NONE 32767;0 0;0
2262 NONE 32767;0 0;0
2263 NONE 32767;0 0;0
2264 NONE 32767;0 0;0
2265 NONE 32767;0 0;0
2266 NONE 32767;0 0;0
2267 NONE 32767;0 0;0
2268 KEY_A 32767;0 0;0
2269 KEY_A 32767;0 0;0
2270 KEY_A 32767;0 0;0
2271 KEY_A 32767;0 0;0
2272 KEY_A 32767;0 0;0
2273 KEY_A 32767;0 0;0
2274 KEY_A 32767;0 0;0
2275 KEY_A 32767;0 0;0
2276 KEY_A 32767;0 0;0
2277 KEY_A 32767;0 0;0
2278 NONE 32767;0 0;0
2279 NONE 32767;0 0;0
2280 NONE 32767;0 0;0
2281 NONE 32767;0 0;0
2282 NONE 32767;0 0;0
2283 NONE 32767;0 0;0
2284 NONE 32767;0 0;0
2285 NONE 32767;0 0;0
2286 NONE 32767;0 0;0
2287 NONE 32767;0 0;0
2288 NONE 32767;0 0;0
2289 NONE 32767;0 0;0
2290 NONE 32767;0 0;0
2291 NONE 32767;0 0;0
2292 NONE 32767;0 0;0
2293 NONE 32767;0 0;0
2294 NONE 32767;0 0;0
2295 NONE 32767;0 0;0
2296 NONE 32767;0 0;0
2297 NONE 32767;0 0;0
2298 NONE 32767;0 0;0
2299 NONE 32767;0 0;0
2300 NONE 32767;0 0;0
2301 NONE 32767;0 0;0
2302 NONE 32767;0 0;0
2303 NONE 32767;0 0;0
2304 NONE 32767;0 0;0
2305 NONE 32767;0 0;0
2306 NONE 32767;0 0;0
2307 NONE 32767;0 0;0
2314 KEY_ZL 0;0 0;0
2315 KEY_ZL;KEY_A 0;0 0;0
2316 NONE 0;32767 0;0
2317 NONE -32767;0 0;0
2318 NONE 0;-32767 0;0
2319 NONE 0;32767 0;0
2320 NONE -32767;0 0;0
2321 NONE 0;-32767 0;0
2322 NONE 0;32767 0;0
2323 NONE -32767;0 0;0
2324 NONE 0;-32767 0;0
2325 NONE 0;32767 0;0
2326 NONE -32767;0 0;0
2327 NONE 0;-32767 0;0
2328 NONE 0;32767 0;0
2329 NONE -32767;0 0;0
2330 NONE 0;-32767 0;0
2331 NONE 0;32767 0;0
2332 NONE -32767;0 0;0
2333 NONE 0;-32767 0;0
2334 NONE 0;32767 0;0
2335 NONE -32767;0 0;0
2336 NONE 0;-32767 0;0
2337 NONE 0;32767 0;0
2338 NONE -32767;0 0;0
2339 NONE 0;-32767 0;0
2340 NONE 0;32767 0;0
2341 NONE -32767;0 0;0
2342 NONE 0;-32767 0;0
2343 NONE 0;32767 0;0
2344 NONE -32767;0 0;0
2345 NONE 0;-32767 0;0
2346 NONE 0;32767 0;0
2347 NONE -32767;0 0;0
2348 NONE 0;-32767 0;0
2349 NONE 0;32767 0;0
2350 NONE -32767;0 0;0
2351 NONE 0;-32767 0;0
2352 NONE 0;32767 0;0
2353 NONE -32767;0 0;0
2354 NONE 0;-32767 0;0
2355 NONE 0;32767 0;0
2356 NONE -32767;0 0;0
2357 NONE 0;-32767 0;0
2358 NONE 0;32767 0;0
2359 NONE -32767;0 0;0
2360 NONE 0;-32767 0;0
2361 NONE 0;32767 0;0
2362 NONE -32767;0 0;0
2363 NONE 0;-32767 0;0
2364 NONE 0;32767 0;0
2365 NONE -32767;0 0;0
2366 NONE 0;-32767 0;0
2367 NONE 0;32767 0;0
2368 NONE -32767;0 0;0
2369 NONE 0;-32767 0;0
2370 NONE 0;32767 0;0
2371 NONE -32767;0 0;0
2372 NONE 0;-32767 0;0
2373 NONE 0;32767 0;0
2374 NONE -32767;0 0;0
2375 NONE 0;-32767 0;0
2376 NONE 0;32767 0;0
2377 NONE -32767;0 0;0
2378 NONE 0;-32767 0;0
2379 NONE 0;32767 0;0
2380 NONE -32767;0 0;0
2381 KEY_A 11206;30790 0;0
2382 NONE 11206;30790 0;0
2383 NONE 11206;30790 0;0
2384 NONE 11206;30790 0;0
2385 NONE 11206;30790 0;0
2386 NONE 11206;30790 0;0
2387 NONE 11206;30790 0;0
2388 NONE 11206;30790 0;0
2389 NONE 11206;30790 0;0
2390 NONE 11206;30790 0;0
2391 NONE 11206;30790 0;0
2392 NONE 11206;30790 0;0
2393 NONE 11206;30790 0;0
2394 NONE 11206;30790 0;0
2395 NONE 11206;30790 0;0
2396 NONE 11206;30790 0;0
2397 NONE 11206;30790 0;0
2398 NONE 11206;30790 0;0
2399 NONE 11206;30790 0;0
2400 NONE 11206;30790 0;0
2401 NONE 11206;30790 0;0
2402 NONE 11206;30790 0;0
2403 NONE 11206;30790 0;0
2404 NONE 11206;30790 0;0
2405 NONE 11206;30790 0;0
2406 NONE 11206;30790 0;0
2407 NONE 11206;30790 0;0
2408 NONE 11206;30790 0;0
2409 NONE 11206;30790 0;0
2410 NONE 11206;30790 0;0
2411 NONE 11206;30790 0;0
2412 NONE 11206;30790 0;0
2413 NONE 11206;30790 0;0
2414 NONE 11206;30790 0;0
2415 NONE 11206;30790 0;0
2416 NONE 11206;30790 0;0
2417 NONE 11206;30790 0;0
2418 NONE 11206;30790 0;0
2419 NONE 11206;30790 0;0
2420 NONE 11206;30790 0;0
2421 NONE 11206;30790 0;0
2422 NONE 11206;30790 0;0
2423 NONE 11206;30790 0;0
2424 NONE 11206;30790 0;0
2425 NONE 11206;30790 0;0
2426 NONE 11206;30790 0;0
2427 NONE 11206;30790 0;0
2428 NONE 11206;30790 0;0
2429 NONE 11206;30790 0;0
2430 NONE 11206;30790 0;0
2431 NONE 11206;30790 0;0
2432 NONE 11206;30790 0;0
2433 NONE 11206;30790 0;0
2434 NONE 11206;30790 0;0
2435 NONE 11206;30790 0;0
2436 NONE 11206;30790 0;0
2437 NONE 11206;30790 0;0
2438 NONE 11206;30790 0;0
2439 NONE 11206;30790 0;0
2440 NONE 11206;30790 0;0
2441 NONE 11206;30790 0;0
2442 KEY_ZL -32767;0 0;0
2443 KEY_ZL -32767;0 0;0
2444 KEY_ZL -32767;0 0;0
2445 KEY_ZL -32767;0 0;0
2446 KEY_ZL -32767;0 0;0
2447 KEY_ZL -32767;0 0;0
2448 KEY_ZL -32767;0 0;0
2449 KEY_ZL -32767;0 0;0
2450 KEY_ZL -32767;0 0;0
2451 KEY_ZL -32767;0 0;0
2452 KEY_ZL -32767;0 0;0
2453 KEY_ZL -32767;0 0;0
2454 KEY_ZL -32767;0 0;0
2455 KEY_ZL -32767;0 0;0
2456 KEY_ZL -32767;0 0;0
2457 KEY_ZL -32767;0 0;0
2458 KEY_ZL -32767;0 0;0
2459 KEY_ZL -32767;0 0;0
2460 KEY_ZL -32767;0 0;0
2461 KEY_ZL -32767;0 0;0
2462 KEY_ZL;KEY_Y -32767;0 0;0
2515 KEY_A 0;0 0;0
2516 KEY_A 0;0 0;0
2517 KEY_A 0;0 0;0
2518 KEY_A 0;0 0;0
2519 KEY_A 0;0 0;0
2520 KEY_A 0;0 0;0
2521 KEY_A 0;0 0;0
2522 KEY_A 0;0 0;0
2523 KEY_A 0;0 0;0
2524 KEY_A 0;0 0;0
2525 NONE 3549;625 0;0
2526 NONE 3481;-932 0;0
2527 NONE 2761;-2316 0;0
2528 KEY_ZL 1523;-3266 0;0
2529 KEY_Y 0;0 0;0
2530 NONE -32767;0 0;0
2531 NONE 0;32767 0;0
2532 NONE 32767;0 0;0
2533 NONE -32767;0 0;0
2534 NONE 0;32767 0;0
2535 NONE 32767;0 0;0
2536 NONE -32767;0 0;0
2537 NONE 0;32767 0;0
2538 NONE 32767;0 0;0
2539 NONE -32767;0 0;0
2540 NONE 0;32767 0;0
2541 NONE 32767;0 0;0
2542 NONE -32767;0 0;0
2543 NONE 0;32767 0;0
2544 NONE 32767;0 0;0
2545 NONE -32767;0 0;0
2546 NONE 0;32767 0;0
2547 NONE 32767;0 0;0
2548 NONE -32767;0 0;0
2549 NONE 0;32767 0;0
2550 NONE 32767;0 0;0
2551 NONE -32767;0 0;0
2552 NONE 0;32767 0;0
2553 NONE 32767;0 0;0
2554 NONE -32767;0 0;0
2555 NONE 0;32767 0;0
2556 NONE 32767;0 0;0
2557 NONE -32767;0 0;0
2558 NONE 0;32767 0;0
2559 NONE 32767;0 0;0
2560 NONE -32767;0 0;0
2561 NONE 0;32767 0;0
2562 NONE 32767;0 0;0
2563 NONE -32767;0 0;0
2564 NONE 0;32767 0;0
2565 NONE 32767;0 0;0
2566 NONE -32767;0 0;0
2567 NONE 0;32767 0;0
2568 NONE 32767;0 0;0
2569 NONE -32767;0 0;0
2570 NONE 0;32767 0;0
2571 NONE 32767;0 0;0
2572 NONE -32767;0 0;0
2573 NONE 0;32767 0;0
2574 NONE 32767;0 0;0
2575 NONE -32767;0 0;0
2576 NONE 0;32767 0;0
2577 NONE 32767;0 0;0
2578 NONE -32767;0 0;0
2579 NONE 0;32767 0;0
2580 NONE 32767;0 0;0
2581 NONE -32767;0 0;0
2582 NONE 0;32767 0;0
2583 NONE 32767;0 0;0
2584 NONE -32767;0 0;0
2585 NONE 0;32767 0;0
2586 NONE 32767;0 0;0
2587 NONE -32767;0 0;0
2588 NONE 0;32767 0;0
2589 NONE 32767;0 0;0
2590 KEY_A -32767;0 0;0
2591 NONE 0;32767 0;0
2592 NONE 32767;0 0;0
2593 NONE -32767;0 0;0
2594 NONE 0;32767 0;0
2595 NONE 32767;0 0;0
2596 NONE -32767;0 0;0
2597 NONE 0;32767 0;0
2598 NONE 32767;0 0;0
2599 NONE -32767;0 0;0
2600 NONE 0;32767 0;0
2601 NONE 32767;0 0;0
2602 KEY_ZL -32767;0 0;0
2603 NONE 0;32767 0;0
2604 NONE 32767;0 0;0
2605 NONE -32767;0 0;0
2606 NONE 0;32767 0;0
2607 NONE 32767;0 0;0
2608 NONE -32767;0 0;0
2609 NONE 0;32767 0;0
2610 NONE 32767;0 0;0
2611 KEY_A -32767;0 0;0
2612 NONE 0;32767 0;0
2613 NONE 32767;0 0;0
2614 NONE -32767;0 0;0
2615 NONE 0;32767 0;0
2616 NONE 32767;0 0;0
2617 NONE -32767;0 0;0
2618 NONE 0;32767 0;0
2619 NONE 32767;0 0;0
2620 NONE -32767;0 0;0
2621 NONE 0;32767 0;0
2622 NONE 32767;0 0;0
2623 KEY_ZL -32767;0 0;0
2624 NONE 0;32767 0;0
2625 NONE 32767;0 0;0
2626 NONE -32767;0 0;0
2627 NONE 0;32767 0;0
2628 NONE 32767;0 0;0
2629 NONE -32767;0 0;0
2630 NONE 0;32767 0;0
2631 NONE 32767;0 0;0
2632 KEY_A -32767;0 0;0
2633 NONE 0;32767 0;0
2634 NONE 32767;0 0;0
2635 NONE -32767;0 0;0
2636 NONE 0;32767 0;0
2637 NONE 32767;0 0;0
2638 NONE -32767;0 0;0
2639 NONE 0;32767 0;0
2640 NONE 32767;0 0;0
2641 NONE -32767;0 0;0
2642 NONE 0;32767 0;0
2643 NONE 32767;0 0;0
2644 KEY_ZL -32767;0 0;0
2645 NONE 0;32767 0;0
2646 NONE 32767;0 0;0
2647 NONE -32767;0 0;0
2648 NONE 0;32767 0;0
2649 NONE 32767;0 0;0
2650 NONE -32767;0 0;0
2651 NONE 0;32767 0;0
2652 NONE 32767;0 0;0
2653 NONE -32767;0 0;0
2654 NONE 0;32767 0;0
2655 NONE 32767;0 0;0
2656 NONE -32767;0 0;0
2657 NONE 0;32767 0;0
2658 NONE 32767;0 0;0
2659 NONE -32767;0 0;0
2660 NONE 0;32767 0;0
2661 NONE 32767;0 0;0
2662 NONE -32767;0 0;0
2663 NONE 0;32767 0;0
2664 NONE 32767;0 0;0
2665 NONE -32767;0 0;0
2666 NONE 0;32767 0;0
2667 NONE 32767;0 0;0
2668 NONE -32767;0 0;0
2669 NONE 0;32767 0;0
2670 KEY_A -28377;16383 0;0
2671 KEY_ZL -28377;16383 0;0
2672 KEY_ZL -28377;16383 0;0
2673 KEY_ZL -28377;16383 0;0
2674 KEY_ZL -28377;16383 0;0
2675 KEY_ZL -28377;16383 0;0
2676 KEY_ZL -28377;16383 0;0
2677 KEY_ZL -28377;16383 0;0
2678 KEY_ZL;KEY_Y -28377;16383 0;0
2679 KEY_ZL;KEY_A -28377;16383 0;0
2735 KEY_ZL 0;0 0;0
2736 KEY_ZL;KEY_A 0;0 0;0
2737 NONE 32767;0 0;0
2738 NONE 32767;0 0;0
2739 NONE 32767;0 0;0
2740 NONE 32767;0 0;0
2741 NONE 32767;0 0;0
2742 NONE 32767;0 0;0
2743 NONE 32767;0 0;0
2744 NONE 32767;0 0;0
2745 NONE 32767;0 0;0
2746 NONE 32767;0 0;0
2747 NONE 32767;0 0;0
2748 NONE 32767;0 0;0
2749 NONE 32767;0 0;0
2750 NONE 32767;0 0;0
2751 NONE 32767;0 0;0
2752 NONE 32767;0 0;0
2753 NONE 32767;0 0;0
2754 NONE 32767;0 0;0
2755 NONE 32767;0 0;0
2756 NONE 32767;0 0;0
2757 NONE 8480;-31650 0;0
2758 NONE 8480;-31650 0;0
2759 NONE 8480;-31650 0;0
2760 NONE 8480;-31650 0;0
2761 NONE 8480;-31650 0;0
2762 NONE 8480;-31650 0;0
2763 NONE 8480;-31650 0;0
2764 NONE 8480;-31650 0;0
2765 NONE 8480;-31650 0;0
2766 NONE 8480;-31650 0;0
2767 NONE 8480;-31650 0;0
2768 NONE 8480;-31650 0;0
2769 NONE 8480;-31650 0;0
2770 NONE 8480;-31650 0;0
2771 NONE 8480;-31650 0;0
2772 NONE 8480;-31650 0;0
2773 NONE 8480;-31650 0;0
2774 NONE 8480;-31650 0;0
2775 NONE 8480;-31650 0;0
2776 NONE 8480;-31650 0;0
2777 NONE 8480;-31650 0;0
2778 NONE 8480;-31650 0;0
2779 NONE 8480;-31650 0;0
2780 NONE 8480;-31650 0;0
2781 NONE 8480;-31650 0;0
2782 NONE 8480;-31650 0;0
2783 NONE 8480;-31650 0;0
2784 NONE 8480;-31650 0;0
2785 NONE 8480;-31650 0;0
2786 NONE 8480;-31650 0;0
2787 NONE 8480;-31650 0;0
2788 NONE 8480;-31650 0;0
2789 NONE 8480;-31650 0;0
2790 NONE 8480;-31650 0;0
2791 NONE 8480;-31650 0;0
2792 NONE 8480;-31650 0;0
2793 NONE 8480;-31650 0;0
2794 NONE 8480;-31650 0;0
2795 NONE 8480;-31650 0;0
2796 NONE 8480;-31650 0;0
2797 NONE 8480;-31650 0;0
2798 NONE 8480;-31650 0;0
2799 NONE 8480;-31650 0;0
2800 NONE 8480;-31650 0;0
2801 NONE 8480;-31650 0;0
2802 NONE 8480;-31650 0;0
2803 NONE 8480;-31650 0;0
2804 NONE 8480;-31650 0;0
2805 NONE 8480;-31650 0;0
2806 NONE 8480;-31650 0;0
2807 KEY_A 8480;-31650 0;0
2808 NONE 8480;-31650 0;0
2809 NONE 8480;-31650 0;0
2810 NONE 8480;-31650 0;0
2811 NONE 8480;-31650 0;0
2812 NONE 8480;-31650 0;0
2813 NONE 8480;-31650 0;0
2814 NONE 8480;-31650 0;0
2815 NONE 8480;-31650 0;0
2816 NONE 8480;-31650 0;0
2817 NONE 8480;-31650 0;0
2818 NONE 8480;-31650 0;0
2819 NONE 8480;-31650 0;0
2820 NONE 8480;-31650 0;0
2821 NONE 8480;-31650 0;0
2822 NONE 8480;-31650 0;0
2823 NONE 8480;-31650 0;0
2824 NONE 8480;-31650 0;0
2825 NONE 8480;-31650 0;0
2826 NONE 8480;-31650 0;0
2827 NONE 8480;-31650 0;0
2828 NONE 8480;-31650 0;0
2829 NONE 8480;-31650 0;0
2830 NONE 8480;-31650 0;0
2831 NONE 8480;-31650 0;0
2832 NONE 8480;-31650 0;0
2833 NONE 8480;-31650 0;0
2834 NONE 8480;-31650 0;0
2835 NONE 8480;-31650 0;0
2836 NONE 8480;-31650 0;0
2837 NONE 8480;-31650 0;0
2838 KEY_A 0;-32767 0;0
2839 KEY_A 0;-32767 0;0
2840 KEY_A 0;-32767 0;0
2841 KEY_A -32767;0 0;0
2842 KEY_A -32767;0 0;0
2843 KEY_A -32767;0 0;0
2844 KEY_A -32767;0 0;0
2845 KEY_A -32767;0 0;0
2846 KEY_A -32767;0 0;0
2847 KEY_A -32767;0 0;0
2848 KEY_A -32767;0 0;0
2849 KEY_A -32767;0 0;0
2850 KEY_A -32767;0 0;0
2851 NONE -32767;0 0;0
2852 NONE -32767;0 0;0
2853 NONE -32767;0 0;0
2854 NONE -32767;0 0;0
2855 NONE -32767;0 0;0
2856 NONE -32767;0 0;0
2857 NONE -32767;0 0;0
2858 NONE -32767;0 0;0
2859 NONE -32767;0 0;0
2860 NONE -32767;0 0;0
2861 NONE -32767;0 0;0
2862 NONE -32767;0 0;0
2863 NONE -32767;0 0;0
2864 NONE -32767;0 0;0
2865 NONE -32767;0 0;0
2866 NONE -32767;0 0;0
2867 NONE -32767;0 0;0
2868 NONE -32767;0 0;0
2869 NONE -32767;0 0;0
2870 NONE -32767;0 0;0
2871 NONE -32767;0 0;0
2872 NONE -32767;0 0;0
2873 NONE -32767;0 0;0
2874 NONE -32767;0 0;0
2875 NONE -32767;0 0;0
2876 NONE -32767;0 0;0
2877 NONE -32767;0 0;0
2878 NONE -32767;0 0;0
2879 NONE -32767;0 0;0
2880 NONE -32767;0 0;0
2881 NONE -32767;0 0;0
2882 NONE -32767;0 0;0
2883 NONE -32767;0 0;0
2884 NONE -32767;0 0;0
2885 NONE -32767;0 0;0
2886 NONE -32767;0 0;0
2887 NONE -32767;0 0;0
2888 NONE -32767;0 0;0
2889 NONE -32767;0 0;0
2890 NONE -32767;0 0;0
2891 NONE -32767;0 0;0
2892 NONE -32767;0 0;0
2893 NONE -32767;0 0;0
2894 NONE -32767;0 0;0
2895 NONE -32767;0 0;0
2896 NONE -32767;0 0;0
2897 NONE -32767;0 0;0
2898 NONE -32767;0 0;0
2899 NONE -32767;0 0;0
2900 NONE -32767;0 0;0
2901 NONE -32767;0 0;0
2902 NONE -32767;0 0;0
2903 NONE -32767;0 0;0
2904 NONE -32767;0 0;0
2905 NONE -32767;0 0;0
2906 NONE -32767;0 0;0
2907 NONE -32767;0 0;0
2908 NONE -32767;0 0;0
2909 NONE -32767;0 0;0
2910 NONE -32767;0 0;0
2911 KEY_A -32767;0 0;0
2912 NONE -32767;0 0;0
2913 NONE -32767;0 0;0
2914 NONE -32767;0 0;0
2915 NONE -32767;0 0;0
2916 NONE -32767;0 0;0
2917 NONE -32767;0 0;0
2918 NONE -32767;0 0;0
2919 NONE -32767;0 0;0
2920 KEY_ZL 0;0 0;0
2921 KEY_Y 0;0 0;0
2922 NONE 0;32767 0;0
2923 NONE -32767;0 0;0
2924 NONE 0;-32767 0;0
2925 NONE 0;32767 0;0
2926 NONE -32767;0 0;0
2927 NONE 0;-32767 0;0
2928 NONE 0;32767 0;0
2929 NONE -32767;0 0;0
2930 NONE 0;-32767 0;0
2931 NONE 0;32767 0;0
2932 NONE -32767;0 0;0
2933 NONE 0;-32767 0;0
2934 NONE 0;32767 0;0
2935 NONE -32767;0 0;0
2936 NONE 0;-32767 0;0
2937 NONE 0;32767 0;0
2938 NONE -32767;0 0;0
2939 NONE 0;-32767 0;0
2940 NONE 0;32767 0;0
2941 NONE -32767;0 0;0
2942 NONE 0;-32767 0;0
2943 NONE 0;32767 0;0
2944 NONE -32767;0 0;0
2945 NONE 0;-32767 0;0
2946 NONE 0;32767 0;0
2947 NONE -32767;0 0;0
2948 NONE 0;-32767 0;0
2949 NONE 0;32767 0;0
2950 NONE -32767;0 0;0
2951 NONE 0;-32767 0;0
2952 NONE 0;32767 0;0
2953 NONE -32767;0 0;0
2954 NONE 0;-32767 0;0
2955 NONE 0;32767 0;0
2956 KEY_A 32767;0 0;0
2957 KEY_ZL 32767;0 0;0
2958 KEY_ZL 32767;0 0;0
2959 KEY_ZL 32767;0 0;0
2960 KEY_ZL 32767;0 0;0
2961 KEY_ZL 32767;0 0;0
2962 KEY_ZL 32767;0 0;0
2963 KEY_ZL 32767;0 0;0
2964 KEY_ZL;KEY_Y 32767;0 0;0
2967 KEY_A 0;0 0;0
2968 NONE 32767;0 0;0
2969 NONE 32767;0 0;0
2970 NONE 32767;0 0;0
2971 NONE 32767;0 0;0
2972 NONE 32767;0 0;0
2973 NONE 32767;0 0;0
2974 NONE 32767;0 0;0
2975 NONE 32767;0 0;0
2976 NONE 32767;0 0;0
2977 NONE 32767;0 0;0
2978 NONE 32767;0 0;0
2979 NONE 32767;0 0;0
2980 NONE 32767;0 0;0
2981 NONE 32767;0 0;0
2982 NONE 32767;0 0;0
2983 NONE 32767;0 0;0
2984 NONE 32767;0 0;0
2985 NONE 32767;0 0;0
2986 NONE 32767;0 0;0
2987 NONE 32767;0 0;0
2988 NONE 32767;0 0;0
2989 NONE 32767;0 0;0
2990 NONE 32767;0 0;0
2991 NONE 32767;0 0;0
2992 NONE 32767;0 0;0
2993 NONE 32767;0 0;0
2994 NONE 32767;0 0;0
2995 NONE 32767;0 0;0
2996 NONE 32767;0 0;0
2997 NONE 32767;0 0;0
2998 NONE 32767;0 0;0
2999 NONE 32767;0 0;0
3000 NONE 32767;0 0;0
3001 NONE 32767;0 0;0
3002 NONE 32767;0 0;0
3003 NONE 32767;0 0;0
3004 NONE 32767;0 0;0
3005 NONE 32767;0 0;0
3006 NONE 32767;0 0;0
3007 NONE 32767;0 0;0
3008 NONE 32767;0 0;0
3009 NONE 32767;0 0;0
3010 NONE 32767;0 0;0
3011 NONE 32767;0 0;0
3012 NONE 32767;0 0;0
3013 NONE 32767;0 0;0
3014 NONE 32767;0 0;0
3015 NONE 32767;0 0;0
3016 NONE 32767;0 0;0
3017 NONE 32767;0 0;0
3018 NONE 32767;0 0;0
3019 NONE 32767;0 0;0
3020 KEY_ZL 32767;0 0;0
3021 KEY_ZL 32767;0 0;0
3022 KEY_ZL 32767;0 0;0
3023 KEY_ZL 32767;0 0;0
3024 KEY_ZL 32767;0 0;0
3025 KEY_ZL 32767;0 0;0
3026 KEY_ZL 32767;0 0;0
3027 KEY_ZL 32767;0 0;0
3028 KEY_ZL 32767;0 0;0
3029 KEY_ZL 32767;0 0;0
3030 KEY_ZL 32767;0 0;0
3031 KEY_ZL 32767;0 0;0
3032 NONE 32767;0 0;0
3033 NONE 32767;0 0;0
3034 NONE 32767;0 0;0
3035 NONE 32767;0 0;0
3036 NONE 32767;0 0;0
3037 KEY_A 32767;0 0;0
3038 NONE 32767;0 0;0
3039 NONE 32767;0 0;0
3040 NONE 32767;0 0;0
3041 KEY_ZL 32767;0 0;0
3042 KEY_Y 32767;0 0;0
3043 NONE 0;32767 0;0
3044 NONE 32767;0 0;0
3045 NONE 0;-32767 0;0
3046 NONE 0;32767 0;0
3047 NONE 32767;0 0;0
3048 NONE 0;-32767 0;0
3049 NONE 0;32767 0;0
3050 NONE 32767;0 0;0
3051 NONE 0;-32767 0;0
3052 NONE 0;32767 0;0
3053 NONE 32767;0 0;0
3054 NONE 0;-32767 0;0
3055 NONE 0;32767 0;0
3056 NONE 32767;0 0;0
3057 NONE 0;-32767 0;0
3058 NONE 0;32767 0;0
3059 NONE 32767;0 0;0
3060 NONE 0;-32767 0;0
3061 NONE 0;32767 0;0
3062 NONE 32767;0 0;0
3063 NONE 0;-32767 0;0
3064 NONE 0;32767 0;0
3065 NONE 32767;0 0;0
3066 NONE 0;-32767 0;0
3067 NONE 0;32767 0;0
3068 NONE 32767;0 0;0
3069 NONE 0;-32767 0;0
3070 NONE 0;32767 0;0
3071 NONE 32767;0 0;0
3072 NONE 0;-32767 0;0
3073 NONE 0;32767 0;0
3074 NONE 32767;0 0;0
3075 NONE 0;-32767 0;0
3076 NONE 0;32767 0;0
3077 NONE 32767;0 0;0
3078 KEY_A 30790;11206 0;0
3079 KEY_ZL 30790;11206 0;0
3080 KEY_ZL 30790;11206 0;0
3081 KEY_ZL 30790;11206 0;0
3082 KEY_ZL 30790;11206 0;0
3083 KEY_ZL 30790;11206 0;0
3084 KEY_ZL 30790;11206 0;0
3085 KEY_ZL 30790;11206 0;0
3086 KEY_ZL;KEY_Y 30790;11206 0;0
3107 KEY_A -16383;28377 0;0
3108 NONE -16383;28377 0;0
3109 NONE -16383;28377 0;0
3110 NONE -16383;28377 0;0
3111 NONE -16383;28377 0;0
3112 NONE -16383;28377 0;0
3113 NONE -16383;28377 0;0
3114 NONE -16383;28377 0;0
3115 NONE -16383;28377 0;0
3116 NONE -16383;28377 0;0
3117 NONE -16383;28377 0;0
3118 NONE -16383;28377 0;0
3119 NONE -16383;28377 0;0
3120 NONE -16383;28377 0;0
3121 NONE -16383;28377 0;0
3122 NONE -16383;28377 0;0
3123 NONE -16383;28377 0;0
3124 NONE -16383;28377 0;0
3125 NONE -16383;28377 0;0
3126 NONE -16383;28377 0;0
3127 NONE -16383;28377 0;0
3128 NONE -16383;28377 0;0
3129 NONE -16383;28377 0;0
3130 NONE -16383;28377 0;0
3131 NONE -16383;28377 0;0
3132 NONE -16383;28377 0;0
3133 NONE -16383;28377 0;0
3134 NONE -16383;28377 0;0
3135 NONE -16383;28377 0;0
3136 NONE -16383;28377 0;0
3137 NONE -16383;28377 0;0
3138 NONE -16383;28377 0;0
3139 NONE -16383;28377 0;0
3140 NONE -16383;28377 0;0
3141 NONE -16383;28377 0;0
3142 NONE -16383;28377 0;0
3143 NONE -16383;28377 0;0
3144 NONE -16383;28377 0;0
3145 NONE -16383;28377 0;0
3146 NONE -16383;28377 0;0
3147 NONE -16383;28377 0;0
3148 NONE -16383;28377 0;0
3149 NONE -16383;28377 0;0
3150 NONE -16383;28377 0;0
3151 NONE -16383;28377 0;0
3152 NONE -16383;28377 0;0
3153 NONE -16383;28377 0;0
3154 NONE -16383;28377 0;0
3155 NONE -16383;28377 0;0
3156 NONE -16383;28377 0;0
3157 NONE -16383;28377 0;0
3158 NONE -16383;28377 0;0
3159 NONE -16383;28377 0;0
3160 NONE -16383;28377 0;0
3161 NONE -16383;28377 0;0
3162 NONE -16383;28377 0;0
3163 NONE 0;-32767 0;0
3164 NONE 0;-32767 0;0
3165 NONE 0;-32767 0;0
3166 NONE 0;-32767 0;0
3167 NONE 0;-32767 0;0
3168 KEY_A 0;-32767 0;0
3169 NONE 0;-32767 0;0
3170 NONE 0;-32767 0;0
3171 NONE 0;-32767 0;0
3172 NONE 0;-32767 0;0
3173 NONE 0;-32767 0;0
3174 NONE 0;-32767 0;0
3175 NONE 0;-32767 0;0
3176 NONE 0;-32767 0;0
3177 NONE 0;-32767 0;0
3178 NONE 0;-32767 0;0
3179 NONE 0;-32767 0;0
3180 NONE 0;-32767 0;0
3181 NONE 0;-32767 0;0
3182 NONE 0;-32767 0;0
3183 NONE 0;-32767 0;0
3184 NONE 0;-32767 0;0
3185 NONE 0;-32767 0;0
3186 NONE 0;-32767 0;0
3187 NONE 0;-32767 0;0
3188 NONE 0;-32767 0;0
3189 NONE 0;-32767 0;0
3190 NONE 0;-32767 0;0
3191 NONE 0;-32767 0;0
3192 NONE 0;-32767 0;0
3193 NONE 0;-32767 0;0
3194 NONE 0;-32767 0;0
3195 NONE 0;-32767 0;0
3196 NONE 0;-32767 0;0
3197 NONE 0;-32767 0;0
3198 NONE 0;-32767 0;0
3199 NONE 0;-32767 0;0
3200 NONE 0;-32767 0;0
3201 NONE 0;-32767 0;0
3202 NONE 0;-32767 0;0
3203 NONE 0;-32767 0;0
3204 NONE 0;-32767 0;0
3205 NONE 0;-32767 0;0
3206 NONE 0;-32767 0;0
3207 NONE 0;-32767 0;0
3208 NONE 0;-32767 0;0
3209 NONE 0;-32767 0;0
3210 NONE 0;-32767 0;0
3211 NONE 0;-32767 0;0
3212 NONE 0;-32767 0;0
3213 NONE 0;-32767 0;0
3214 NONE 0;-32767 0;0
3215 NONE 0;-32767 0;0
3216 NONE 0;-32767 0;0
3217 NONE 0;-32767 0;0
3218 NONE 0;-32767 0;0
3219 KEY_ZL 0;-32767 0;0
3220 KEY_Y 0;-32767 0;0
3221 NONE 0;-32767 0;0
3222 NONE 0;-32767 0;0
3223 NONE 0;-32767 0;0
3224 NONE 0;-32767 0;0
3225 NONE 0;-32767 0;0
3226 NONE 0;-32767 0;0
3227 NONE 0;-32767 0;0
3228 NONE 0;-32767 0;0
3229 NONE 0;-32767 0;0
3230 NONE 0;-32767 0;0
3231 NONE 0;-32767 0;0
3232 NONE 0;-32767 0;0
3233 NONE 0;-32767 0;0
3234 NONE 0;-32767 0;0
3235 NONE 0;-32767 0;0
3236 NONE 0;-32767 0;0
3237 NONE 0;-32767 0;0
3238 NONE 0;-32767 0;0
3239 NONE 0;-32767 0;0
3240 NONE 0;-32767 0;0
3241 NONE 0;-32767 0;0
3242 NONE 0;-32767 0;0
3243 NONE 0;-32767 0;0
3244 NONE 0;-32767 0;0
3245 NONE 0;-32767 0;0
3246 NONE 0;-32767 0;0
3247 NONE 0;-32767 0;0
3248 NONE 0;-32767 0;0
3249 NONE 0;-32767 0;0
3250 NONE 0;-32767 0;0
3251 NONE 0;-32767 0;0
3252 NONE 0;-32767 0;0
3253 NONE 0;-32767 0;0
3254 NONE 0;-32767 0;0
3255 NONE 0;-32767 0;0
3256 NONE 0;-32767 0;0
3257 NONE 0;-32767 0;0
3258 KEY_A 0;-32767 0;0
3259 KEY_A 625;3549 0;0
3260 KEY_A -932;3481 0;0
3261 KEY_A -2316;2761 0;0
3262 KEY_A -3266;1523 0;0
3263 KEY_A 32767;0 0;0
3264 KEY_A 32767;0 0;0
3265 KEY_A 32767;0 0;0
3266 KEY_A 32767;0 0;0
3267 KEY_A 32767;0 0;0
3268 NONE 32767;0 0;0
3269 NONE 32767;0 0;0
3270 NONE 32767;0 0;0
3271 NONE 32767;0 0;0
3272 NONE 32767;0 0;0
3273 NONE 32767;0 0;0
3274 NONE 32767;0 0;0
3275 NONE 32767;0 0;0
3276 NONE 32767;0 0;0
3277 NONE 32767;0 0;0
3278 NONE 32767;0 0;0
3279 NONE 32767;0 0;0
3280 NONE 32767;0 0;0
3281 NONE 32767;0 0;0
3282 NONE 32767;0 0;0
3283 KEY_ZL 0;0 0;0
3284 KEY_Y 0;0 0;0
3285 NONE 0;32767 0;0
3286 NONE 32767;0 0;0
3287 NONE 0;-32767 0;0
3288 NONE 0;32767 0;0
3289 NONE 32767;0 0;0
3290 NONE 0;-32767 0;0
3291 NONE 0;32767 0;0
3292 NONE 32767;0 0;0
3293 NONE 0;-32767 0;0
3294 NONE 0;32767 0;0
3295 NONE 32767;0 0;0
3296 NONE 0;-32767 0;0
3297 NONE 0;32767 0;0
3298 NONE 32767;0 0;0
3299 NONE 0;-32767 0;0
3300 NONE 0;32767 0;0
3301 NONE 32767;0 0;0
3302 NONE 0;-32767 0;0
3303 NONE 0;32767 0;0
3304 NONE 32767;0 0;0
3305 NONE 0;-32767 0;0
3306 NONE 0;32767 0;0
3307 NONE 32767;0 0;0
3308 NONE 0;-32767 0;0
3309 NONE 0;32767 0;0
3310 NONE 32767;0 0;0
3311 NONE 0;-32767 0;0
3312 NONE 0;32767 0;0
3313 NONE 32767;0 0;0
3314 NONE 0;-32767 0;0
3315 NONE 0;32767 0;0
3316 NONE 32767;0 0;0
3317 NONE 0;-32767 0;0
3318 NONE 0;32767 0;0
3319 NONE 32767;0 0;0
3320 NONE 0;-32767 0;0
3321 NONE 0;32767 0;0
3322 NONE 32767;0 0;0
3323 NONE 0;-32767 0;0
3324 KEY_A 0;32767 0;0
3325 KEY_ZL 0;32767 0;0
3326 KEY_ZL 0;32767 0;0
3327 KEY_ZL 0;32767 0;0
3328 KEY_ZL 0;32767 0;0
3329 KEY_ZL 0;32767 0;0
3330 KEY_ZL 0;32767 0;0
3331 KEY_ZL 0;32767 0;0
3332 KEY_ZL;KEY_Y 0;32767 0;0
3374 KEY_A 0;0 0;0
3375 NONE 625;-3549 0;0
3376 NONE -932;-3481 0;0
3377 NONE -2316;-2761 0;0
3378 KEY_ZL -3266;-1523 0;0
3379 KEY_Y 0;0 0;0
3380 NONE 0;32767 0;0
3381 NONE 32767;0 0;0
3382 NONE 0;-32767 0;0
3383 NONE 0;32767 0;0
3384 NONE 32767;0 0;0
3385 NONE 0;-32767 0;0
3386 NONE 0;32767 0;0
3387 NONE 32767;0 0;0
3388 NONE 0;-32767 0;0
3389 NONE 0;32767 0;0
3390 NONE 32767;0 0;0
3391 NONE 0;-32767 0;0
3392 NONE 0;32767 0;0
3393 NONE 32767;0 0;0
3394 NONE 0;-32767 0;0
3395 NONE 0;32767 0;0
3396 NONE 32767;0 0;0
3397 NONE 0;-32767 0;0
3398 NONE 0;32767 0;0
3399 NONE 32767;0 0;0
3400 NONE 0;-32767 0;0
3401 NONE 0;32767 0;0
3402 NONE 32767;0 0;0
3403 NONE 0;-32767 0;0
3404 NONE 0;32767 0;0
3405 NONE 32767;0 0;0
3406 NONE 0;-32767 0;0
3407 NONE 0;32767 0;0
3408 NONE 32767;0 0;0
3409 NONE 0;-32767 0;0
3410 NONE 0;32767 0;0
3411 NONE 32767;0 0;0
3412 NONE 0;-32767 0;0
3413 NONE 0;32767 0;0
3414 NONE 32767;0 0;0
3415 NONE 0;-32767 0;0
3416 NONE 0;32767 0;0
3417 NONE 32767;0 0;0
3418 NONE 0;-32767 0;0
3419 NONE 0;32767 0;0
3420 KEY_A 32767;0 0;0
3421 KEY_ZL 32767;0 0;0
3422 KEY_ZL 32767;0 0;0
3423 KEY_ZL 32767;0 0;0
3424 KEY_ZL 32767;0 0;0
3425 KEY_ZL 32767;0 0;0
3426 KEY_ZL 32767;0 0;0
3427 KEY_ZL 32767;0 0;0
3428 KEY_ZL;KEY_Y 32767;0 0;0
3459 NONE 32767;0 0;0
3460 NONE 32767;0 0;0
3461 NONE 32767;0 0;0
3462 NONE 32767;0 0;0
3463 NONE 32767;0 0;0
3464 NONE 32767;0 0;0
3465 NONE 32767;0 0;0
3466 NONE 32767;0 0;0
3467 NONE 32767;0 0;0
3468 NONE 32767;0 0;0
3469 NONE 32767;0 0;0
3470 NONE 32767;0 0;0
3471 NONE 32767;0 0;0
3472 NONE 32767;0 0;0
3473 NONE 32767;0 0;0
3474 NONE 23169;-23169 0;0
3475 NONE 23169;-23169 0;0
3476 NONE 23169;-23169 0;0
3477 NONE 23169;-23169 0;0
3478 NONE 23169;-23169 0;0
3479 NONE 0;-32767 0;0
3480 NONE 0;-32767 0;0
3481 NONE 0;-32767 0;0
3482 NONE 0;-32767 0;0
3483 NONE 0;-32767 0;0
3484 NONE 0;-32767 0;0
3485 NONE 0;-32767 0;0
3486 NONE 0;-32767 0;0
3487 NONE 0;-32767 0;0
3488 NONE 0;-32767 0;0
3489 NONE 0;-32767 0;0
3490 NONE 0;-32767 0;0
3491 NONE 0;-32767 0;0
3492 NONE 0;-32767 0;0
3493 NONE 0;-32767 0;0
3494 NONE 0;-32767 0;0
3495 NONE 0;-32767 0;0
3496 NONE 0;-32767 0;0
3497 NONE 0;-32767 0;0
3498 NONE 0;-32767 0;0
3499 NONE 0;-32767 0;0
3500 NONE 0;-32767 0;0
3501 NONE 0;-32767 0;0
3502 NONE 0;-32767 0;0
3503 NONE 0;-32767 0;0
3504 NONE 0;-32767 0;0
3505 NONE 0;-32767 0;0
3506 NONE 0;-32767 0;0
3507 NONE -23169;-23169 0;0
3508 NONE -23169;-23169 0;0
3509 NONE -23169;-23169 0;0
3510 NONE -23169;-23169 0;0
3511 NONE -23169;-23169 0;0
3512 NONE -32767;0 0;0
3513 NONE -32767;0 0;0
3514 NONE -32767;0 0;0
3515 NONE -32767;0 0;0
3516 NONE -32767;0 0;0
3517 NONE -32767;0 0;0
3518 NONE -32767;0 0;0
3519 NONE -32767;0 0;0
3520 NONE -32767;0 0;0
3521 NONE -32767;0 0;0
3522 KEY_A -32767;0 0;0
3523 NONE -32767;0 0;0
3524 NONE -32767;0 0;0
3525 NONE -32767;0 0;0
3526 NONE -32767;0 0;0
3527 NONE -32767;0 0;0
3528 NONE -32767;0 0;0
3529 NONE -32767;0 0;0
3530 NONE -32767;0 0;0
3531 NONE -32767;0 0;0
3532 NONE -32767;0 0;0
3533 NONE -32767;0 0;0
3534 NONE -32767;0 0;0
3535 NONE -32767;0 0;0
3536 NONE -32767;0 0;0
3537 NONE -32767;0 0;0
3538 KEY_ZL 0;0 0;0
3539 KEY_Y 0;0 0;0
3540 NONE 0;32767 0;0
3541 NONE -32767;0 0;0
3542 NONE 0;-32767 0;0
3543 NONE 0;32767 0;0
3544 NONE -32767;0 0;0
3545 NONE 0;-32767 0;0
3546 NONE 0;32767 0;0
3547 NONE -32767;0 0;0
3548 NONE 0;-32767 0;0
3549 NONE 0;32767 0;0
3550 NONE -32767;0 0;0
3551 NONE 0;-32767 0;0
3552 NONE 0;32767 0;0
3553 NONE -32767;0 0;0
3554 NONE 0;-32767 0;0
3555 NONE 0;32767 0;0
3556 NONE -32767;0 0;0
3557 NONE 0;-32767 0;0
3558 NONE 0;32767 0;0
3559 NONE -32767;0 0;0
3560 NONE 0;-32767 0;0
3561 NONE 0;32767 0;0
3562 NONE -32767;0 0;0
3563 NONE 0;-32767 0;0
3564 NONE 0;32767 0;0
3565 NONE -32767;0 0;0
3566 NONE 0;-32767 0;0
3567 NONE 0;32767 0;0
3568 NONE -32767;0 0;0
3569 NONE 0;-32767 0;0
3570 NONE 0;32767 0;0
3571 NONE -32767;0 0;0
3572 NONE 0;-32767 0;0
3573 NONE 0;32767 0;0
3574 NONE -32767;0 0;0
3575 KEY_A 32269;-5689 0;0
3576 KEY_ZL 32269;-5689 0;0
3577 KEY_ZL 32269;-5689 0;0
3578 KEY_ZL 32269;-5689 0;0
3579 KEY_ZL 32269;-5689 0;0
3580 KEY_ZL 32269;-5689 0;0
3581 KEY_ZL 32269;-5689 0;0
3582 KEY_ZL 32269;-5689 0;0
3583 KEY_ZL;KEY_Y 32269;-5689 0;0
3625 KEY_A 28377;16383 0;0
3626 KEY_A 28377;16383 0;0
3627 KEY_A 28377;16383 0;0
3628 KEY_A 28377;16383 0;0
3629 KEY_A 28377;16383 0;0
3630 KEY_A 28377;16383 0;0
3631 KEY_A 28377;16383 0;0
3632 KEY_A 28377;16383 0;0
3633 KEY_A 28377;16383 0;0
3634 KEY_A 28377;16383 0;0
3635 NONE 28377;16383 0;0
3636 NONE 28377;16383 0;0
3637 NONE 28377;16383 0;0
3638 NONE 28377;16383 0;0
3639 NONE 28377;16383 0;0
3640 NONE 28377;16383 0;0
3641 NONE 28377;16383 0;0
3642 NONE 28377;16383 0;0
3643 NONE 28377;16383 0;0
3644 NONE 28377;16383 0;0
3645 NONE 28377;16383 0;0
3646 NONE 28377;16383 0;0
3647 NONE 28377;16383 0;0
3648 NONE 28377;16383 0;0
3649 NONE 28377;16383 0;0
3650 NONE 28377;16383 0;0
3651 NONE 28377;16383 0;0
3652 NONE 28377;16383 0;0
3653 NONE 28377;16383 0;0
3654 NONE 28377;16383 0;0
3655 NONE 28377;16383 0;0
3656 NONE 28377;16383 0;0
3657 NONE 28377;16383 0;0
3658 NONE 28377;16383 0;0
3659 NONE 28377;16383 0;0
3660 NONE 28377;16383 0;0
3661 NONE 28377;16383 0;0
3662 NONE 28377;16383 0;0
3663 NONE 28377;16383 0;0
3664 NONE 28377;16383 0;0
3665 NONE 28377;16383 0;0
3666 NONE 28377;16383 0;0
3667 NONE 28377;16383 0;0
3668 NONE 28377;16383 0;0
3669 NONE 28377;16383 0;0
3670 NONE 28377;16383 0;0
3671 NONE 28377;16383 0;0
