46 KEY_R;KEY_ZR 0;0 0;0
47 KEY_R;KEY_ZR 0;0 0;0
48 KEY_R;KEY_ZR 0;0 0;0
49 KEY_R;KEY_ZR 0;0 0;0
50 KEY_R;KEY_ZR 0;0 0;0
51 KEY_R;KEY_ZR 0;0 0;0
52 KEY_R;KEY_ZR 0;0 0;0
53 KEY_L;KEY_R;KEY_ZR 0;0 0;0
54 KEY_L;KEY_R;KEY_ZR 0;0 0;0
55 KEY_L;KEY_R;KEY_ZR 0;0 0;0
56 KEY_L;KEY_R;KEY_ZR 0;0 0;0
57 KEY_L;KEY_R;KEY_ZR 0;0 0;0
58 KEY_L;KEY_R;KEY_ZR 0;0 0;0
59 KEY_L;KEY_R;KEY_ZR 0;0 0;0
60 KEY_L;KEY_R;KEY_ZR 0;0 0;0
61 KEY_R;KEY_ZR 0;0 0;0
62 KEY_R;KEY_ZR 0;0 0;0
63 KEY_R;KEY_ZR 0;0 0;0
64 KEY_R;KEY_ZR 0;0 0;0
65 KEY_R;KEY_ZR 0;0 0;0
66 KEY_R;KEY_ZR 0;0 0;0
67 KEY_R;KEY_ZR 0;0 0;0
68 KEY_R;KEY_ZR 0;0 0;0
69 KEY_R;KEY_ZR 0;0 0;0
70 KEY_R;KEY_ZR 0;0 0;0
71 KEY_R 0;0 0;0
79 NONE -184;-24 0;0
80 NONE -10413;-486 0;0
81 NONE -21875;-585 0;0
82 NONE -30394;-366 0;0
83 NONE -32766;142 0;0
84 NONE -32756;822 0;0
85 NONE -32749;1071 0;0
86 NONE -32748;1106 0;0
87 NONE -32751;1016 0;0
88 NONE -32751;1017 0;0
89 NONE -32750;1034 0;0
90 NONE -32748;1089 0;0
91 NONE -32738;1375 0;0
92 NONE -32703;2031 0;0
93 NONE -32670;2511 0;0
94 NONE -32619;3108 0;0
95 NONE -32570;3586 0;0
96 NONE -32501;4164 0;0
97 NONE -32412;4806 0;0
98 NONE -32305;5477 0;0
99 NONE -31925;7379 0;0
100 NONE -31227;9925 0;0
101 NONE -29813;13596 0;0
102 NONE -28920;15403 0;0
103 NONE -28269;16569 0;0
104 NONE -26711;18978 0;0
105 NONE -24047;22257 0;0
106 NONE -21298;24900 0;0
107 NONE -16543;28283 0;0
108 NONE -14637;29315 0;0
109 NONE -12885;30127 0;0
110 NONE -11461;30697 0;0
111 KEY_B -11247;30775 0;0
112 KEY_B -10919;30894 0;0
113 KEY_B -10719;30963 0;0
114 KEY_B -8684;31595 0;0
115 KEY_B -7689;31852 0;0
116 NONE -7497;31897 0;0
117 NONE -7477;31902 0;0
118 NONE -8487;31648 0;0
119 NONE -7014;24070 0;0
120 NONE -1842;17168 0;0
121 NONE -740;11560 0;0
148 NONE -3015;-1654 0;0
149 NONE -9365;-6571 0;0
150 NONE -16126;-10700 0;0
151 NONE -23878;-15532 0;0
152 NONE -27012;-18547 0;0
153 NONE -27323;-18086 0;0
154 NONE -27354;-18038 0;0
155 NONE -27332;-18072 0;0
156 NONE -27007;-18554 0;0
157 NONE -25337;-20777 0;0
158 NONE -22784;-23548 0;0
159 KEY_ZL -16484;-20991 0;0
160 KEY_ZL 1588;-13790 0;0
161 KEY_B;KEY_ZL 14355;-2123 0;0
162 KEY_B;KEY_ZL 32609;3212 0;0
163 KEY_B;KEY_ZL 31023;10544 0;0
164 KEY_B;KEY_ZL 28072;16900 0;0
165 KEY_B;KEY_ZL 21074;25090 0;0
166 KEY_B;KEY_ZL 12892;30124 0;0
167 KEY_ZL 6681;32078 0;0
168 KEY_ZL -1318;32740 0;0
169 KEY_ZL -8082;31754 0;0
170 KEY_ZL -19823;26090 0;0
171 KEY_ZL -28505;16158 0;0
172 KEY_ZL -31275;9773 0;0
173 KEY_ZL -32706;-1993 0;0
174 KEY_ZL -27875;-17222 0;0
175 KEY_ZL -24136;-22161 0;0
176 KEY_ZL -18066;-27336 0;0
177 KEY_ZL -6782;-32057 0;0
178 NONE -84;-32766 0;0
179 NONE 14265;-29498 0;0
180 NONE 17387;-27773 0;0
181 NONE 19887;-26041 0;0
182 NONE 23596;-22734 0;0
183 NONE 25109;-21051 0;0
184 NONE 24949;-21241 0;0
185 NONE 21817;-24446 0;0
186 NONE 6574;-32100 0;0
187 NONE -6244;-32166 0;0
188 NONE -10025;-31195 0;0
189 NONE -10117;-31166 0;0
190 NONE -10902;-30900 0;0
191 NONE -11292;-30759 0;0
192 NONE -12430;-30317 0;0
193 NONE -13983;-29633 0;0
194 NONE -14537;-29365 0;0
195 NONE -14563;-29352 0;0
196 NONE -14621;-29323 0;0
197 NONE -14589;-29339 0;0
198 NONE -14539;-29364 0;0
199 NONE -14404;-29431 0;0
200 NONE -14462;-29402 0;0
201 NONE -14427;-29419 0;0
202 NONE -14444;-29411 0;0
203 NONE -14453;-29406 0;0
204 NONE -14479;-29394 0;0
205 NONE -14496;-29385 0;0
206 NONE -14479;-29394 0;0
207 NONE -14496;-29385 0;0
208 KEY_ZL -14479;-29394 0;0
209 KEY_ZL -14504;-29381 0;0
210 KEY_ZL -14191;-29534 0;0
211 KEY_ZL -12967;-30091 0;0
212 KEY_ZL -11082;-30835 0;0
213 KEY_ZL -8954;-31519 0;0
214 KEY_ZL -6311;-32153 0;0
215 KEY_ZL 302;-32765 0;0
216 KEY_ZL 8913;-31531 0;0
217 KEY_ZL 18774;-26854 0;0
218 KEY_ZL 25415;-20682 0;0
219 KEY_ZL 27916;-17156 0;0
220 KEY_ZL 29058;-15141 0;0
221 KEY_ZL 29227;-14814 0;0
222 KEY_ZL 29343;-14581 0;0
223 NONE 29447;-14369 0;0
224 NONE 30550;-11845 0;0
225 NONE 32339;-5273 0;0
226 KEY_Y 32611;3191 0;0
227 KEY_Y 30338;12379 0;0
228 KEY_Y 28766;15690 0;0
229 KEY_Y 28297;16520 0;0
230 KEY_Y 24152;22143 0;0
231 KEY_Y 19780;26122 0;0
232 NONE 12100;30451 0;0
233 NONE 6476;32120 0;0
234 NONE -1089;32748 0;0
235 NONE -6095;32195 0;0
236 NONE -19893;26036 0;0
237 NONE -27182;18297 0;0
238 NONE -30939;10788 0;0
239 NONE -28852;-15530 0;0
240 NONE -23700;-22626 0;0
241 NONE -20272;-25743 0;0
242 NONE -3139;-32616 0;0
243 NONE 6000;-32212 0;0
244 NONE 17562;-27662 0;0
245 NONE 25359;-20750 0;0
246 NONE 30191;-12732 0;0
247 NONE 32045;6838 0;0
248 NONE 24005;22302 0;0
249 NONE 7838;31815 0;0
250 NONE 77;32766 0;0
251 NONE -9530;31350 0;0
252 NONE -20480;25577 0;0
253 NONE -29476;14311 0;0
254 NONE -32469;-4406 0;0
255 NONE -27961;-17083 0;0
256 NONE -24156;-22139 0;0
257 NONE -16094;-28541 0;0
258 NONE -4134;-32505 0;0
259 NONE 16771;-28149 0;0
260 NONE 26573;-19170 0;0
261 NONE 31151;-10163 0;0
262 NONE 32518;4027 0;0
263 NONE 27942;17114 0;0
264 NONE 17357;27792 0;0
265 NONE 6294;32156 0;0
266 NONE -4466;32461 0;0
267 NONE -10194;31140 0;0
268 NONE -21759;24499 0;0
269 NONE -30732;11365 0;0
270 NONE -31353;-9521 0;0
271 NONE -27507;-17805 0;0
272 KEY_B -21505;-21222 0;0
273 KEY_B -6286;-16139 0;0
274 KEY_B;KEY_ZL 7369;-4190 0;0
275 KEY_B;KEY_ZL 31013;10576 0;0
276 KEY_B;KEY_ZL 29472;14319 0;0
277 KEY_ZL 28254;16593 0;0
278 KEY_ZL 27463;17873 0;0
279 KEY_ZL 27343;18056 0;0
280 KEY_ZL 27370;18015 0;0
281 KEY_ZL 27367;18019 0;0
282 KEY_ZL 27595;17667 0;0
283 KEY_ZL 28531;16113 0;0
284 KEY_ZL 30466;12061 0;0
285 NONE 31699;8294 0;0
286 NONE 32139;6382 0;0
287 NONE 24841;5590 0;0
288 NONE 5711;2066 0;0
303 NONE 815;872 0;0
304 NONE 1769;2439 0;0
305 NONE 3905;8467 0;0
306 NONE 4828;13537 0;0
307 NONE 5242;18216 0;0
308 NONE 5593;32286 0;0
309 NONE 4872;32402 0;0
310 NONE 4872;32402 0;0
311 NONE 4891;32399 0;0
312 NONE 4875;32402 0;0
313 NONE 4918;32395 0;0
314 NONE 4736;32422 0;0
315 NONE 4055;32515 0;0
316 NONE 3099;32620 0;0
317 NONE 2501;32671 0;0
318 NONE 2448;32675 0;0
319 NONE 2519;32670 0;0
320 NONE 3317;32598 0;0
321 NONE 6455;32124 0;0
322 NONE 9833;31256 0;0
323 NONE 13403;29900 0;0
324 KEY_B 13750;29742 0;0
325 KEY_B 13779;29728 0;0
326 KEY_B 13772;29731 0;0
327 KEY_B 13855;29693 0;0
328 KEY_B 13848;29696 0;0
329 KEY_B 13819;29710 0;0
330 KEY_B 13857;29692 0;0
331 KEY_B 13821;29709 0;0
332 KEY_ZL 13573;29823 0;0
333 KEY_ZL 12989;30082 0;0
334 KEY_ZL;KEY_ZR 11945;30511 0;0
335 KEY_Y;KEY_ZL;KEY_ZR 7446;31909 0;0
336 KEY_Y;KEY_ZL;KEY_ZR -3511;32578 0;0
337 KEY_Y;KEY_ZL;KEY_ZR -14970;25760 0;0
338 KEY_Y;KEY_ZL;KEY_ZR -30709;11428 0;0
339 KEY_Y;KEY_ZL;KEY_ZR -31799;-7903 0;0
340 KEY_Y;KEY_ZL;KEY_ZR -27579;-17692 0;0
341 KEY_Y;KEY_ZL;KEY_ZR -25212;-20928 0;0
342 KEY_Y;KEY_ZR -21538;-24693 0;0
343 KEY_Y;KEY_ZR -16359;-28390 0;0
344 NONE -8637;-31608 0;0
345 NONE -8518;-31640 0;0
346 NONE -8473;-31652 0;0
347 NONE -10525;-31030 0;0
348 NONE -13129;-30021 0;0
349 NONE -14800;-29234 0;0
350 NONE -16357;-28392 0;0
351 NONE -16307;-28420 0;0
352 NONE -16244;-28456 0;0
353 NONE -17551;-27670 0;0
354 NONE -16366;-22756 0;0
355 NONE -9565;-7567 0;0
380 KEY_ZL 0;0 0;0
381 KEY_ZL 0;0 0;0
382 KEY_ZL 0;0 0;0
383 KEY_ZL 0;0 0;0
384 KEY_ZL 0;0 0;0
385 KEY_ZL 0;0 0;0
386 KEY_ZL 0;0 0;0
387 KEY_ZL 0;0 0;0
388 KEY_ZL 0;0 0;0
389 KEY_ZL 0;0 0;0
390 KEY_ZL 0;0 0;0
394 NONE 570;5999 0;0
395 NONE 762;16804 0;0
396 NONE 665;32760 0;0
397 NONE 0;32767 0;0
398 NONE 230;32766 0;0
399 NONE 307;32765 0;0
400 NONE 250;32766 0;0
401 NONE 211;32766 0;0
402 NONE -42;32766 0;0
403 NONE 153;32766 0;0
404 NONE 422;32764 0;0
405 NONE 345;32765 0;0
406 NONE 326;32765 0;0
407 NONE 288;32765 0;0
408 NONE 153;32766 0;0
409 NONE 173;32766 0;0
410 NONE 230;32766 0;0
411 NONE 287;32765 0;0
412 NONE 268;32765 0;0
413 NONE 249;32766 0;0
414 NONE 268;32765 0;0
415 NONE 229;32766 0;0
416 NONE 210;32766 0;0
417 NONE 210;32766 0;0
418 NONE 134;32766 0;0
419 NONE 153;32766 0;0
420 NONE 114;32766 0;0
421 NONE 115;32766 0;0
422 NONE 153;32766 0;0
423 NONE 76;32766 0;0
424 NONE 114;32766 0;0
425 NONE 95;32766 0;0
426 NONE 76;32766 0;0
427 NONE 76;32766 0;0
428 NONE 76;32766 0;0
429 NONE 57;32766 0;0
430 NONE 38;32766 0;0
431 NONE 95;32766 0;0
432 NONE 57;32766 0;0
433 NONE 38;32766 0;0
434 NONE 38;32766 0;0
435 NONE 38;32766 0;0
436 NONE 19;32767 0;0
437 NONE -1786;32718 0;0
438 NONE -6099;32194 0;0
439 NONE -9669;24985 0;0
440 NONE -8739;13961 0;0
441 NONE -12897;-19227 0;0
442 NONE -12507;-30285 0;0
443 NONE -9339;-31407 0;0
444 NONE -7625;-31867 0;0
445 KEY_B -5808;-32248 0;0
446 KEY_B -3593;-32569 0;0
447 KEY_B -1993;-32706 0;0
448 KEY_B -1304;-32741 0;0
449 KEY_B -1346;-32739 0;0
450 KEY_B -1344;-32739 0;0
451 KEY_B -1321;-32740 0;0
452 KEY_B -1300;-32741 0;0
453 KEY_B -1299;-32741 0;0
454 KEY_B -1322;-32740 0;0
455 NONE 188;-32766 0;0
456 NONE 2129;-32697 0;0
457 NONE 1925;-32710 0;0
458 NONE 1740;-32720 0;0
459 NONE 1848;-32714 0;0
460 NONE 1873;-32713 0;0
461 NONE 4088;-22323 0;0
462 NONE 2613;-5160 0;0
463 NONE 3806;14291 0;0
464 NONE 4841;32407 0;0
465 NONE 4854;32405 0;0
466 NONE 4796;32413 0;0
467 NONE 4854;32405 0;0
468 NONE 3731;32553 0;0
469 NONE 728;32758 0;0
470 NONE -5183;32354 0;0
471 NONE -12759;30180 0;0
472 NONE -22352;23959 0;0
473 NONE -31864;7638 0;0
474 NONE -31585;-8718 0;0
475 NONE -24860;-21346 0;0
476 NONE -16043;-28570 0;0
477 NONE -6354;-32144 0;0
478 NONE 5657;-32274 0;0
479 NONE 18292;-27185 0;0
480 NONE 25286;-20839 0;0
481 NONE 29002;-15249 0;0
482 NONE 32753;939 0;0
483 NONE 29796;13632 0;0
484 NONE 22004;24279 0;0
485 NONE 7121;31983 0;0
486 NONE 2096;32699 0;0
487 NONE -5375;32323 0;0
488 NONE -17137;27927 0;0
489 NONE -26117;19787 0;0
490 NONE -31976;7152 0;0
491 NONE -28020;-16986 0;0
492 NONE -24308;-21972 0;0
493 NONE -18066;-27336 0;0
494 NONE -4673;-32431 0;0
495 NONE 7191;-31967 0;0
496 NONE 20670;-25424 0;0
497 NONE 28372;-16391 0;0
498 NONE 31487;-9066 0;0
499 NONE 32754;889 0;0
500 NONE 25295;20828 0;0
501 NONE 8148;31737 0;0
502 NONE 1708;32722 0;0
503 NONE -8173;31731 0;0
504 NONE -17269;27846 0;0
505 NONE -28336;16454 0;0
506 NONE -30769;-11266 0;0
507 NONE -24743;-21481 0;0
508 NONE -18876;-26783 0;0
509 NONE -4981;-32386 0;0
510 NONE 7863;-31809 0;0
511 NONE 22163;-24134 0;0
512 NONE 31475;-9110 0;0
513 NONE 29959;13270 0;0
514 KEY_B 16435;28346 0;0
515 KEY_B 7479;31901 0;0
516 KEY_B 4559;32448 0;0
517 KEY_B;KEY_ZL 1151;32746 0;0
518 KEY_B;KEY_ZL 1211;32744 0;0
519 KEY_B;KEY_ZL 1195;32745 0;0
520 KEY_B;KEY_ZL 1191;32745 0;0
521 KEY_ZL 1170;32746 0;0
522 KEY_ZL 1210;32744 0;0
523 KEY_ZL 1228;32743 0;0
524 KEY_ZL 1192;32745 0;0
525 KEY_ZL 1187;32745 0;0
526 KEY_ZL 1172;32746 0;0
527 KEY_ZL 1152;32746 0;0
528 KEY_ZL 1172;32746 0;0
529 KEY_ZL 1187;32745 0;0
530 KEY_ZL 1190;32745 0;0
531 KEY_ZL 1191;32745 0;0
532 KEY_ZL 1168;32746 0;0
533 KEY_ZL 1170;32746 0;0
534 NONE 1171;32746 0;0
535 NONE 1190;32745 0;0
536 NONE 1170;32746 0;0
537 NONE 1209;32744 0;0
538 NONE 1361;28654 0;0
539 NONE 1399;22553 0;0
540 NONE 1137;4239 0;0
558 NONE 649;1118 0;0
559 KEY_B 2223;4869 0;0
560 KEY_B 3593;10962 0;0
561 KEY_B 3613;15125 0;0
562 KEY_B 3875;19422 0;0
563 KEY_B 4055;27977 0;0
564 KEY_B -862;32755 0;0
565 KEY_ZL -2800;32647 0;0
566 KEY_ZL -2719;32653 0;0
567 KEY_ZL -2635;32660 0;0
568 KEY_ZL;KEY_ZR -2652;32659 0;0
569 KEY_ZL;KEY_ZR -5053;32374 0;0
570 KEY_Y;KEY_ZL;KEY_ZR -10331;31095 0;0
571 KEY_Y;KEY_ZL;KEY_ZR -19874;26051 0;0
572 KEY_Y;KEY_ZL;KEY_ZR -31237;9894 0;0
573 KEY_Y;KEY_ZL;KEY_ZR -32519;-4016 0;0
574 KEY_Y;KEY_ZL;KEY_ZR -26971;-18607 0;0
575 KEY_Y;KEY_ZR -20887;-25246 0;0
576 NONE -14806;-29230 0;0
577 NONE -4911;-32396 0;0
578 NONE 12463;-30304 0;0
579 NONE 22570;-23754 0;0
580 NONE 26449;-19341 0;0
581 NONE 31073;-10396 0;0
582 NONE 32505;4132 0;0
583 NONE 28897;15447 0;0
584 NONE 16707;28187 0;0
585 NONE 6137;32187 0;0
586 NONE -2716;32654 0;0
587 NONE -10831;30925 0;0
588 NONE -20476;25581 0;0
589 NONE -29621;14009 0;0
590 NONE -32068;-6730 0;0
591 NONE -27835;-17286 0;0
592 NONE -24296;-21985 0;0
593 NONE -15615;-28807 0;0
594 NONE -7856;-31811 0;0
595 NONE 15007;-29127 0;0
596 NONE 23925;-22388 0;0
597 NONE 27988;-17038 0;0
598 NONE 32710;-1916 0;0
599 NONE 28111;16834 0;0
600 NONE 14874;29196 0;0
601 NONE 3974;32525 0;0
602 NONE -2527;32669 0;0
603 NONE -5135;32362 0;0
604 NONE -7639;31863 0;0
605 KEY_B -13542;29837 0;0
606 KEY_B;KEY_ZL -17530;27683 0;0
607 KEY_B;KEY_ZL -18586;26985 0;0
608 KEY_B;KEY_ZL -18427;27094 0;0
609 KEY_B;KEY_ZL -19679;26199 0;0
610 KEY_B;KEY_ZL -22235;24067 0;0
611 KEY_ZL -24653;21584 0;0
612 KEY_ZL -26537;19220 0;0
613 KEY_ZL -27099;18419 0;0
614 KEY_ZL -29726;13784 0;0
615 KEY_ZL -30416;12185 0;0
616 NONE -30641;11609 0;0
617 NONE -30646;11596 0;0
618 NONE -30692;11472 0;0
619 NONE -30914;10861 0;0
620 NONE -28571;5604 0;0
621 NONE -4529;313 0;0
632 NONE -227;424 0;0
633 NONE -3436;3338 0;0
634 NONE -10078;5058 0;0
635 NONE -27261;6980 0;0
636 NONE -32173;6210 0;0
637 NONE -32171;6217 0;0
638 NONE -32182;6159 0;0
639 NONE -32182;6159 0;0
640 NONE -32189;6125 0;0
641 NONE -32182;6163 0;0
642 NONE -31896;7503 0;0
643 NONE -31601;8663 0;0
644 NONE -31247;9861 0;0
645 NONE -31160;10135 0;0
646 NONE -31153;10156 0;0
647 NONE -31158;10141 0;0
648 NONE -31163;10125 0;0
649 NONE -31178;10079 0;0
650 NONE -31173;10094 0;0
651 NONE -31158;10141 0;0
652 NONE -31120;10255 0;0
653 NONE -30990;10642 0;0
654 NONE -30965;10715 0;0
655 NONE -30947;10767 0;0
656 NONE -30947;10767 0;0
657 NONE -30952;10751 0;0
658 NONE -30963;10721 0;0
659 NONE -30973;10690 0;0
660 NONE -31676;8382 0;0
661 NONE -32250;5796 0;0
662 NONE -32739;1339 0;0
663 NONE -32614;-3157 0;0
664 NONE -31853;-7685 0;0
665 NONE -31316;-9641 0;0
666 NONE -31170;-10103 0;0
667 NONE -31226;-9927 0;0
668 KEY_ZL -31350;-9528 0;0
669 KEY_ZL -32104;-6556 0;0
670 KEY_ZL -32532;-3917 0;0
671 KEY_B;KEY_ZL -32751;1017 0;0
672 KEY_B;KEY_ZL -32487;4271 0;0
673 KEY_B;KEY_ZL -31944;7294 0;0
674 KEY_B;KEY_ZL -31150;10163 0;0
675 KEY_B;KEY_ZL -30704;11441 0;0
676 KEY_B;KEY_ZL -30523;11916 0;0
677 KEY_B;KEY_ZL -30515;11936 0;0
678 KEY_B;KEY_ZL -30515;11937 0;0
679 KEY_B;KEY_ZL -30480;12025 0;0
680 NONE -29983;13216 0;0
681 NONE -29598;14058 0;0
682 NONE -28869;15498 0;0
683 NONE -28044;16945 0;0
684 NONE -27201;18268 0;0
685 NONE -25456;20630 0;0
686 NONE -22770;23562 0;0
687 NONE -21215;24971 0;0
688 NONE -19613;26248 0;0
689 NONE -18520;27031 0;0
690 NONE -17033;27991 0;0
691 NONE -15230;29012 0;0
692 NONE -12597;30248 0;0
693 NONE -11737;30592 0;0
694 NONE -11354;30736 0;0
695 NONE -10758;30950 0;0
696 NONE -9685;31302 0;0
697 NONE -8542;31633 0;0
698 NONE -7612;31870 0;0
699 NONE -7287;31946 0;0
700 NONE -7240;31957 0;0
701 NONE -7184;31969 0;0
702 NONE -7108;31986 0;0
703 NONE -7093;31990 0;0
704 NONE -7084;31991 0;0
705 NONE -7084;31991 0;0
706 NONE -7084;31991 0;0
707 NONE -7061;31997 0;0
708 NONE -7080;31992 0;0
709 NONE -7084;31991 0;0
710 NONE -7049;31999 0;0
711 NONE -7080;31992 0;0
712 NONE -7073;31994 0;0
713 NONE -7077;31993 0;0
714 NONE -7108;31986 0;0
715 NONE -7104;31987 0;0
716 NONE -7100;31988 0;0
717 NONE -8344;31686 0;0
718 NONE -12323;30361 0;0
719 NONE -12737;22222 0;0
720 NONE -7409;16344 0;0
734 NONE -1637;1043 0;0
735 NONE -3437;1872 0;0
736 NONE -3900;2016 0;0
737 NONE -8801;3090 0;0
738 NONE -17594;6020 0;0
739 NONE -31600;8665 0;0
740 NONE -31926;7373 0;0
741 NONE -31938;7323 0;0
742 NONE -31929;7361 0;0
743 NONE -31925;7379 0;0
744 NONE -31926;7375 0;0
745 NONE -31926;7375 0;0
746 NONE -31922;7391 0;0
747 NONE -31918;7408 0;0
748 NONE -31915;7422 0;0
749 NONE -31835;7756 0;0
750 NONE -31509;8991 0;0
751 NONE -30805;11165 0;0
752 NONE -29539;14180 0;0
753 NONE -28167;16741 0;0
754 NONE -27142;18357 0;0
755 NONE -25133;21022 0;0
756 NONE -24055;22249 0;0
757 NONE -24001;22307 0;0
758 NONE -24059;22244 0;0
759 NONE -24351;21924 0;0
760 NONE -24776;21442 0;0
761 NONE -25869;20111 0;0
762 NONE -26678;19024 0;0
763 NONE -27476;17853 0;0
764 NONE -29149;14966 0;0
765 NONE -29947;13297 0;0
766 NONE -30508;11954 0;0
767 NONE -31099;10321 0;0
768 NONE -31340;9563 0;0
769 NONE -31432;9256 0;0
770 NONE -31430;9262 0;0
771 NONE -31408;9338 0;0
772 NONE -31404;9349 0;0
773 NONE -31158;10139 0;0
774 NONE -31163;10125 0;0
775 NONE -31177;10081 0;0
776 NONE -31168;10109 0;0
777 NONE -31172;10097 0;0
778 NONE -31170;10103 0;0
779 NONE -31175;10087 0;0
780 NONE -31181;10068 0;0
781 NONE -31161;10131 0;0
782 NONE -31172;10097 0;0
783 NONE -31369;9468 0;0
784 NONE -31582;8730 0;0
785 NONE -31675;8388 0;0
786 NONE -31674;8389 0;0
787 NONE -31904;7470 0;0
788 NONE -32323;5374 0;0
789 NONE -32607;3229 0;0
790 NONE -32762;571 0;0
791 KEY_ZL -32697;-2129 0;0
792 KEY_ZL -32593;-3367 0;0
793 KEY_ZL -32616;-3139 0;0
794 KEY_ZL -32595;-3349 0;0
795 KEY_ZL -32600;-3294 0;0
796 KEY_ZL -32599;-3311 0;0
797 KEY_ZL -32604;-3255 0;0
798 KEY_ZL -32602;-3274 0;0
799 KEY_ZL -32599;-3311 0;0
800 KEY_ZL -32528;-3948 0;0
801 KEY_ZL -32523;-3988 0;0
802 KEY_ZL -32535;-3888 0;0
803 KEY_ZL -32530;-3931 0;0
804 NONE -32530;-3931 0;0
805 NONE -32522;-3991 0;0
806 NONE -32525;-3974 0;0
807 NONE -32522;-3994 0;0
808 NONE -32517;-4032 0;0
809 NONE -32520;-4013 0;0
810 NONE -32522;-3994 0;0
811 NONE -32522;-3994 0;0
812 NONE -32520;-4013 0;0
813 NONE -32525;-3969 0;0
814 NONE -32525;-3972 0;0
815 NONE -32527;-3953 0;0
816 NONE -32522;-3994 0;0
817 NONE -32525;-3972 0;0
818 NONE -32527;-3953 0;0
819 NONE -32525;-3969 0;0
820 NONE -32527;-3953 0;0
821 NONE -32527;-3950 0;0
822 NONE -32528;-3948 0;0
823 NONE -32527;-3953 0;0
824 NONE -32530;-3931 0;0
825 NONE -32527;-3955 0;0
826 NONE -32534;-3895 0;0
827 NONE -32669;-2526 0;0
828 NONE -32708;-1959 0;0
829 NONE -32699;-2096 0;0
830 NONE -32697;-2132 0;0
831 NONE -32694;-2172 0;0
832 NONE -32694;-2172 0;0
833 NONE -32692;-2213 0;0
834 NONE -32693;-2194 0;0
835 NONE -32692;-2211 0;0
836 NONE -32689;-2252 0;0
837 NONE -32692;-2211 0;0
838 NONE -32692;-2213 0;0
839 NONE -32690;-2231 0;0
840 NONE -32698;-2115 0;0
841 NONE -32693;-2192 0;0
842 NONE -32688;-2271 0;0
843 NONE -32690;-2232 0;0
844 NONE -32702;-2057 0;0
845 NONE -32760;-627 0;0
846 KEY_ZL -32755;-883 0;0
847 KEY_ZL -32764;-431 0;0
848 KEY_ZL -32761;573 0;0
849 KEY_ZL -32756;822 0;0
850 KEY_ZL -32744;1213 0;0
851 KEY_ZL -32738;1374 0;0
852 KEY_ZL -32741;1303 0;0
853 KEY_ZL -32743;1250 0;0
854 KEY_ZL -32741;1304 0;0
855 KEY_ZL -32741;1286 0;0
856 KEY_ZL -32740;1321 0;0
857 KEY_ZL -32741;1286 0;0
858 KEY_ZL -32742;1268 0;0
859 KEY_ZL -32742;1269 0;0
860 KEY_ZL -32739;1339 0;0
861 KEY_ZL -32741;1286 0;0
862 KEY_ZL -32741;1286 0;0
863 KEY_ZL -32741;1304 0;0
864 KEY_ZL -32741;1286 0;0
865 KEY_ZL -32741;1286 0;0
866 KEY_ZL -32742;1268 0;0
867 KEY_ZL -32740;1322 0;0
868 KEY_ZL -32739;1339 0;0
869 KEY_ZL -32739;1339 0;0
870 KEY_ZL -32738;1356 0;0
871 KEY_ZL -32738;1359 0;0
872 KEY_ZL -32740;1321 0;0
873 KEY_ZL -32738;1357 0;0
874 KEY_ZL -32739;1340 0;0
875 KEY_ZL -32738;1357 0;0
876 KEY_ZL -32738;1375 0;0
877 KEY_ZL -32736;1413 0;0
878 KEY_ZL -32737;1393 0;0
879 KEY_ZL -32737;1393 0;0
880 KEY_ZL -32737;1394 0;0
881 KEY_ZL -32739;1340 0;0
882 KEY_ZL -32738;1358 0;0
883 KEY_ZL -32739;1340 0;0
884 KEY_ZL -32738;1375 0;0
885 KEY_ZL -32739;1338 0;0
886 KEY_ZL -32740;1321 0;0
887 KEY_ZL -32740;1322 0;0
888 KEY_ZL -32741;1303 0;0
889 KEY_ZL -32741;1303 0;0
890 KEY_ZL -32741;1286 0;0
891 KEY_ZL -32739;1339 0;0
892 KEY_ZL -32740;1323 0;0
893 KEY_ZL -32740;1322 0;0
894 KEY_ZL -32740;1322 0;0
895 KEY_ZL -32739;1339 0;0
896 KEY_ZL -32739;1339 0;0
897 KEY_ZL -32741;1286 0;0
898 KEY_ZL -32740;1323 0;0
899 KEY_ZL -32741;1304 0;0
900 KEY_ZL -32740;1321 0;0
901 KEY_ZL -32741;1303 0;0
902 KEY_ZL -32740;1322 0;0
903 KEY_ZL -32740;1322 0;0
904 KEY_ZL -32740;1322 0;0
905 KEY_ZL -32740;1322 0;0
906 KEY_ZL -32740;1322 0;0
907 KEY_ZL -32739;1341 0;0
908 KEY_ZL -32739;1339 0;0
909 KEY_ZL -32741;1286 0;0
910 KEY_ZL -32756;822 0;0
911 KEY_ZL -32729;-1566 0;0
912 KEY_ZL -32674;-2463 0;0
913 KEY_ZL -32610;-3201 0;0
914 KEY_ZL -32521;-4005 0;0
915 KEY_ZL -32444;-4584 0;0
916 KEY_ZL -31716;-8229 0;0
917 KEY_ZL -28259;-16585 0;0
918 KEY_ZL -25555;-20508 0;0
919 KEY_ZL -21614;-24626 0;0
920 KEY_ZL -12769;-30176 0;0
921 KEY_ZL -8855;-31547 0;0
922 KEY_ZL -7556;-31883 0;0
923 KEY_ZL -3617;-32566 0;0
924 KEY_ZL 6380;-32139 0;0
925 KEY_ZL 10838;-30922 0;0
926 KEY_ZL 14634;-29317 0;0
927 KEY_ZL 17871;-27464 0;0
928 KEY_ZL 22004;-24278 0;0
929 NONE 26297;-19548 0;0
930 NONE 26458;-19328 0;0
931 NONE 26508;-19261 0;0
932 NONE 25545;-20520 0;0
933 NONE 23833;-22485 0;0
934 NONE 22706;-23623 0;0
935 NONE 20799;-25318 0;0
936 NONE 19983;-25967 0;0
937 NONE 19839;-26077 0;0
938 NONE 19839;-26078 0;0
939 NONE 19803;-26105 0;0
940 NONE 19817;-26094 0;0
941 NONE 19872;-26053 0;0
942 NONE 20365;-25669 0;0
943 NONE 21097;-25071 0;0
944 NONE 21889;-24382 0;0
945 NONE 22919;-23417 0;0
946 NONE 24329;-21949 0;0
947 NONE 27277;-18155 0;0
948 NONE 30309;-12449 0;0
949 NONE 32753;-928 0;0
950 NONE 30783;11226 0;0
951 NONE 29581;14093 0;0
952 NONE 28343;16441 0;0
953 NONE 25866;20114 0;0
954 NONE 23949;22362 0;0
955 NONE 22004;24279 0;0
956 NONE 19114;26614 0;0
957 NONE 17181;27900 0;0
958 NONE 17142;27924 0;0
959 NONE 17176;27904 0;0
960 NONE 19731;26159 0;0
961 NONE 24563;21687 0;0
962 NONE 29675;13893 0;0
963 NONE 31450;9194 0;0
964 KEY_B 32287;5585 0;0
965 KEY_B 31633;-8542 0;0
966 KEY_B 30940;-10787 0;0
967 KEY_B 30411;-12198 0;0
968 KEY_B 30282;-12516 0;0
969 NONE 30295;-12483 0;0
970 NONE 30400;-12227 0;0
971 NONE 32448;-4557 0;0
972 NONE 32694;2176 0;0
973 NONE 29031;15193 0;0
974 NONE 20115;25865 0;0
975 NONE 6528;32109 0;0
976 NONE -3281;32602 0;0
977 NONE -13673;29777 0;0
978 NONE -23391;22945 0;0
979 NONE -30707;11433 0;0
980 NONE -32549;-3773 0;0
981 NONE -28471;-16218 0;0
982 NONE -25524;-20547 0;0
983 NONE -18225;-27230 0;0
984 NONE -5149;-32359 0;0
985 NONE 2612;-32662 0;0
986 NONE 19101;-26623 0;0
987 NONE 25496;-20581 0;0
988 NONE 29764;-13701 0;0
989 NONE 32399;4891 0;0
990 NONE 29139;14984 0;0
991 NONE 22048;24239 0;0
992 NONE 7503;31896 0;0
993 NONE 2816;32645 0;0
994 NONE -9160;31460 0;0
995 NONE -25200;20942 0;0
996 NONE -32296;5532 0;0
997 NONE -28733;-15750 0;0
998 NONE -26032;-19899 0;0
999 NONE -21716;-24536 0;0
1000 NONE -14674;-29297 0;0
1001 NONE 2080;-32700 0;0
1002 NONE 17984;-27390 0;0
1003 NONE 24382;-21890 0;0
1004 NONE 29528;-14203 0;0
1005 NONE 32743;-1229 0;0
1006 NONE 30484;12014 0;0
1007 NONE 24194;22097 0;0
1008 NONE 16735;28170 0;0
1009 NONE -2786;32648 0;0
1010 NONE -16708;28186 0;0
1011 NONE -25022;21155 0;0
1012 NONE -28600;15989 0;0
1013 NONE -30801;11179 0;0
1014 NONE -31728;8186 0;0
1015 NONE -32238;5861 0;0
1016 NONE -32631;2974 0;0
1017 NONE -32741;1304 0;0
1018 NONE -32756;-843 0;0
1019 NONE -32702;-2055 0;0
1020 NONE -32702;-2057 0;0
1021 NONE -32694;-2171 0;0
1022 NONE -32692;-2213 0;0
1023 NONE -32697;-2136 0;0
1024 NONE -32637;-2915 0;0
1025 NONE -32503;-4150 0;0
1026 NONE -32349;-5216 0;0
1027 NONE -32349;-5213 0;0
1028 NONE -32367;-5099 0;0
1029 NONE -32361;-5140 0;0
1030 NONE -32360;-5143 0;0
1031 NONE -32367;-5099 0;0
1032 NONE -32372;-5071 0;0
1033 NONE -32394;-4929 0;0
1034 NONE -32402;-4872 0;0
1035 NONE -32404;-4859 0;0
1036 NONE -32407;-4837 0;0
1037 NONE -32407;-4837 0;0
1038 NONE -32411;-4815 0;0
1039 NONE -32410;-4818 0;0
1040 NONE -32414;-4796 0;0
1041 NONE -32410;-4818 0;0
1042 NONE -32411;-4815 0;0
1043 NONE -32408;-4834 0;0
1044 NONE -32414;-4796 0;0
1045 NONE -32413;-4799 0;0
1046 NONE -32407;-4840 0;0
1047 KEY_B -32413;-4799 0;0
1048 KEY_B;KEY_ZL -32410;-4821 0;0
1049 KEY_B;KEY_ZL -32759;698 0;0
1050 KEY_B;KEY_ZL -32678;2409 0;0
1051 KEY_B;KEY_ZL -32665;2571 0;0
1052 KEY_B;KEY_ZL -32746;1162 0;0
1053 KEY_B;KEY_ZL -32762;537 0;0
1054 KEY_B;KEY_ZL -32735;-1436 0;0
1055 KEY_B;KEY_ZL -32685;-2307 0;0
1056 KEY_B;KEY_ZL -32603;-3270 0;0
1057 KEY_ZL -32426;-4710 0;0
1058 KEY_ZL -24876;-4719 0;0
1059 KEY_ZL -17900;-4404 0;0
1060 KEY_ZL -10471;-3336 0;0
1061 KEY_ZL 0;0 0;0
1062 KEY_ZL 0;0 0;0
1063 KEY_ZL 0;0 0;0
1064 KEY_ZL 0;0 0;0
1065 KEY_ZL 0;0 0;0
1066 KEY_ZL 0;0 0;0
1067 KEY_ZL 0;0 0;0
1068 KEY_ZL 0;0 0;0
1071 KEY_B 0;0 0;0
1072 KEY_B 0;0 0;0
1073 KEY_B 0;0 0;0
1074 KEY_B 3;330 0;0
1075 KEY_B 17;9043 0;0
1076 KEY_B 20;19409 0;0
1077 KEY_B 2101;32699 0;0
1078 KEY_B 4578;32445 0;0
1079 KEY_B 5927;32226 0;0
1080 KEY_B 10607;31002 0;0
1081 KEY_B 17106;27946 0;0
1082 KEY_B 23613;22717 0;0
1083 KEY_B 25850;20135 0;0
1084 KEY_B 27386;17989 0;0
1085 KEY_B 28907;15428 0;0
1086 NONE 29866;13478 0;0
1087 NONE 30167;12789 0;0
1088 NONE 30372;12295 0;0
1089 NONE 30384;12265 0;0
1090 NONE 30374;12291 0;0
1091 NONE 30361;12322 0;0
1092 NONE 30169;12786 0;0
1093 NONE 29645;13958 0;0
1094 NONE 28830;15571 0;0
1095 NONE 27968;17070 0;0
1096 NONE 27916;17155 0;0
1097 NONE 26954;18631 0;0
1098 NONE 26523;19240 0;0
1099 NONE 26452;19337 0;0
1100 NONE 26400;19408 0;0
1101 NONE 26387;19425 0;0
1102 NONE 26373;19445 0;0
1103 NONE 26466;19318 0;0
1104 NONE 26728;18953 0;0
1105 NONE 26864;18760 0;0
1106 NONE 26868;18755 0;0
1107 NONE 26870;18752 0;0
1108 KEY_B 26893;18719 0;0
1109 KEY_B 26938;18654 0;0
1110 KEY_B 26954;18631 0;0
1111 KEY_B 26920;18681 0;0
1112 KEY_B 26981;18592 0;0
1113 KEY_B 26967;18612 0;0
1114 NONE 26979;18595 0;0
1115 NONE 26956;18627 0;0
1116 NONE 26949;18639 0;0
1117 NONE 26847;18785 0;0
1118 NONE 26830;18809 0;0
1119 NONE 26810;18838 0;0
1120 NONE 26816;18829 0;0
1121 NONE 26340;19489 0;0
1122 NONE 22710;23619 0;0
1123 NONE 9279;25821 0;0
1124 NONE 1902;25525 0;0
1125 NONE -573;25355 0;0
1126 NONE -1267;25385 0;0
1127 NONE -1195;25384 0;0
1128 NONE -1123;25359 0;0
1129 NONE -1058;26306 0;0
1130 NONE -3202;30825 0;0
1131 NONE -4273;32487 0;0
1132 NONE -4201;32496 0;0
1133 NONE -4100;32509 0;0
1134 NONE -4074;32512 0;0
1135 NONE -4019;32519 0;0
1136 NONE -3761;32550 0;0
1137 NONE -3745;32552 0;0
1138 NONE -3705;32556 0;0
1139 KEY_B -3701;32557 0;0
1140 KEY_B -3619;32566 0;0
1141 KEY_B -3619;32566 0;0
1142 KEY_B -3598;32568 0;0
1143 KEY_B -3617;32566 0;0
1144 KEY_B -3711;32556 0;0
1145 KEY_B -2459;32674 0;0
1146 KEY_B -1552;32730 0;0
1147 KEY_B -937;32753 0;0
1148 KEY_B 344;32765 0;0
1149 KEY_B 2237;32690 0;0
1150 KEY_B 4714;32426 0;0
1151 KEY_B 7762;31834 0;0
1152 KEY_B 8658;31602 0;0
1153 KEY_B 8988;31510 0;0
1154 KEY_B 9018;31501 0;0
1155 NONE 9018;31501 0;0
1156 NONE 9023;31500 0;0
1157 NONE 8771;31571 0;0
1158 NONE 8627;31610 0;0
1159 NONE 8422;31666 0;0
1160 NONE 6276;32160 0;0
1161 NONE 4912;32396 0;0
1162 NONE 1113;32748 0;0
1163 NONE -3471;32582 0;0
1164 NONE -4320;32480 0;0
1165 NONE -4587;32444 0;0
1166 NONE -4667;32432 0;0
1167 NONE -4708;32426 0;0
1168 NONE -4664;32433 0;0
1169 NONE -4669;32432 0;0
1170 NONE -4646;32435 0;0
1171 NONE -4646;32435 0;0
1172 NONE -4626;32438 0;0
1173 NONE -4628;32438 0;0
1174 NONE -4584;32444 0;0
1175 NONE -4597;32442 0;0
1176 KEY_B -4607;32441 0;0
1177 KEY_B -4623;32439 0;0
1178 KEY_B -4631;32438 0;0
1179 KEY_B -4648;32435 0;0
1180 KEY_B -4627;32438 0;0
1181 KEY_B -4084;31835 0;0
1182 KEY_B 1931;26267 0;0
1183 KEY_B 5413;21032 0;0
1184 KEY_B 7526;13235 0;0
1185 NONE 6481;5741 0;0
1186 NONE 5563;1435 0;0
1187 NONE 955;-165 0;0
1188 NONE 246;-137 0;0
1189 NONE 597;-409 0;0
1190 NONE 297;-226 0;0
1192 NONE 180;-130 0;0
1193 NONE 71;-52 0;0
1194 NONE 214;-168 0;0
1195 NONE 116;-96 0;0
1196 NONE 106;-86 0;0
1197 NONE 72;-61 0;0
1198 NONE 194;-148 0;0
1199 NONE 484;-336 0;0
1200 NONE 1790;-851 0;0
1201 NONE 12812;-2084 0;0
1202 NONE 28656;-2273 0;0
1203 NONE 32493;-4227 0;0
1204 NONE 32491;-4239 0;0
1205 NONE 32475;-4359 0;0
1206 NONE 32462;-4455 0;0
1207 NONE 32443;-4594 0;0
1208 NONE 32438;-4630 0;0
1209 NONE 32423;-4730 0;0
1210 NONE 32411;-4810 0;0
1211 NONE 32422;-4738 0;0
1212 NONE 32414;-4791 0;0
1213 NONE 32420;-4752 0;0
1214 NONE 32419;-4757 0;0
1215 NONE 32400;-4888 0;0
1216 NONE 32337;-5290 0;0
1217 NONE 32367;-5100 0;0
1218 NONE 32361;-5139 0;0
1219 NONE 32376;-5042 0;0
1220 NONE 32388;-4965 0;0
1221 NONE 32417;-4774 0;0
1222 NONE 32430;-4683 0;0
1223 NONE 32458;-4488 0;0
1224 NONE 32517;-4036 0;0
1225 NONE 32493;-4224 0;0
1226 NONE 32506;-4126 0;0
1227 NONE 32575;-3536 0;0
1228 NONE 32627;-3021 0;0
1229 NONE 32636;-2917 0;0
1230 NONE 32695;-2163 0;0
1231 NONE 32703;-2031 0;0
1232 NONE 32763;-457 0;0
1233 NONE 32766;-218 0;0
1234 NONE 32718;1774 0;0
1235 NONE 32600;3299 0;0
1236 NONE 32540;3842 0;0
1237 NONE 32510;4088 0;0
1238 NONE 32513;4066 0;0
1239 NONE 32511;4086 0;0
1240 NONE 32513;4071 0;0
1241 NONE 32516;4046 0;0
1242 NONE 32528;3944 0;0
1243 NONE 32639;2893 0;0
1244 NONE 32710;-1925 0;0
1245 NONE 32320;-5393 0;0
1246 NONE 31950;-7268 0;0
1247 NONE 31782;-7973 0;0
1248 NONE 31670;-8403 0;0
1249 NONE 31694;-8313 0;0
1250 KEY_ZL 31732;-8169 0;0
1251 KEY_ZL 31832;-7770 0;0
1252 KEY_ZL 32003;-7030 0;0
1253 KEY_B;KEY_ZL 32225;-5934 0;0
1254 KEY_B;KEY_ZL 32334;-5305 0;0
1255 KEY_B;KEY_ZL 32481;-4319 0;0
1256 KEY_B;KEY_ZL 32749;-1078 0;0
1257 KEY_B;KEY_ZL 32749;1073 0;0
1258 KEY_B;KEY_ZL 32681;2366 0;0
1259 KEY_B;KEY_ZL 32705;2006 0;0
1260 KEY_B;KEY_ZL 32754;-920 0;0
1261 KEY_ZL 32171;-6220 0;0
1262 NONE 30909;-10874 0;0
1263 NONE 29582;-14090 0;0
1264 NONE 28437;-16278 0;0
1265 NONE 27334;-18069 0;0
1266 NONE 26751;-18921 0;0
1267 NONE 26764;-18903 0;0
1268 NONE 26779;-18882 0;0
1269 NONE 27628;-17616 0;0
1270 NONE 28451;-16254 0;0
1271 NONE 29719;-13800 0;0
1272 NONE 30659;-11560 0;0
1273 NONE 31613;-8617 0;0
1274 NONE 32433;-4663 0;0
1275 NONE 32720;-1754 0;0
1276 NONE 32710;1915 0;0
1277 NONE 32177;6187 0;0
1278 NONE 31509;8991 0;0
1279 NONE 30830;11097 0;0
1280 NONE 30213;12680 0;0
1281 NONE 29601;14050 0;0
1282 NONE 29378;14512 0;0
1283 NONE 29382;14503 0;0
1284 NONE 29389;14489 0;0
1285 NONE 29417;14431 0;0
1286 NONE 29455;14354 0;0
1287 NONE 29861;13488 0;0
1288 NONE 30201;12709 0;0
1289 NONE 30515;11935 0;0
1290 NONE 30503;11967 0;0
1291 NONE 30509;11951 0;0
1292 NONE 30447;12109 0;0
1293 NONE 30280;12520 0;0
1294 NONE 30138;12859 0;0
1295 NONE 30050;13062 0;0
1296 NONE 30028;13114 0;0
1297 NONE 30047;13070 0;0
1298 NONE 30047;13070 0;0
1299 NONE 30040;13086 0;0
1300 NONE 30012;13151 0;0
1301 NONE 30447;12109 0;0
1302 NONE 31239;9889 0;0
1303 NONE 31797;7913 0;0
1304 NONE 31972;7171 0;0
1305 NONE 32245;5824 0;0
1306 NONE 32292;5557 0;0
1307 NONE 32345;5241 0;0
1308 NONE 32358;5160 0;0
1309 NONE 32351;5200 0;0
1310 NONE 32337;5285 0;0
1311 NONE 32345;5235 0;0
1312 NONE 32345;5241 0;0
1313 NONE 32338;5282 0;0
1314 NONE 32317;5407 0;0
1315 NONE 32209;6017 0;0
1316 NONE 32019;6958 0;0
1317 NONE 31959;7228 0;0
1318 NONE 31955;7245 0;0
1319 NONE 31966;7198 0;0
1320 NONE 32011;6995 0;0
1321 NONE 32216;5979 0;0
1322 NONE 32345;5238 0;0
1323 NONE 32480;4321 0;0
1324 NONE 32711;1906 0;0
1325 NONE 31480;-9090 0;0
1326 NONE 28806;-15616 0;0
1327 NONE 24895;-21304 0;0
1328 NONE 17748;-27543 0;0
1329 NONE 9473;-31367 0;0
1330 NONE 4764;-32418 0;0
1331 NONE -525;-32762 0;0
1332 NONE -1050;-32750 0;0
1333 NONE -2771;-32649 0;0
1334 NONE -6811;-32051 0;0
1335 NONE -7317;-31939 0;0
1336 NONE -7369;-31927 0;0
1337 NONE -7397;-31921 0;0
1338 NONE -7381;-31924 0;0
1339 NONE -7381;-31924 0;0
1340 KEY_B -7366;-31928 0;0
1341 KEY_B -7358;-31930 0;0
1342 KEY_B -7373;-31926 0;0
1343 KEY_B -7358;-31930 0;0
1344 KEY_B -7351;-31931 0;0
1345 KEY_B -7225;-31960 0;0
1346 KEY_B -7087;-31991 0;0
1347 KEY_B -7067;-31995 0;0
1348 KEY_B -7063;-31996 0;0
1349 KEY_B -7067;-31995 0;0
1350 KEY_B -7063;-31996 0;0
1351 NONE -7020;-32006 0;0
1352 NONE -6707;-32073 0;0
1353 NONE -5568;-32290 0;0
1354 NONE -5083;-32370 0;0
1355 NONE -5057;-32374 0;0
1356 NONE -5039;-32377 0;0
1357 NONE -5042;-32376 0;0
1358 NONE -5001;-32382 0;0
1359 NONE -5039;-32377 0;0
1360 NONE -5036;-32377 0;0
1361 NONE -5042;-32376 0;0
1362 NONE -5042;-32376 0;0
1363 NONE -5057;-32374 0;0
1364 NONE -5060;-32373 0;0
1365 NONE -5104;-32367 0;0
1366 NONE -5054;-32374 0;0
1367 NONE -3199;-32610 0;0
1368 NONE 415;-32764 0;0
1369 NONE 2166;-32695 0;0
1370 NONE 3529;-32576 0;0
1371 KEY_ZL 5715;-32264 0;0
1372 KEY_ZL 9502;-31359 0;0
1373 KEY_ZL 16415;-28358 0;0
1374 KEY_ZL;KEY_ZR 24378;-21894 0;0
1375 KEY_Y;KEY_ZL;KEY_ZR 27681;-17533 0;0
1376 KEY_Y;KEY_ZL;KEY_ZR 30076;-13003 0;0
1377 KEY_Y;KEY_ZL;KEY_ZR 30473;-12042 0;0
1378 KEY_Y;KEY_ZL;KEY_ZR 30486;-12010 0;0
1379 KEY_Y;KEY_ZL;KEY_ZR 30507;-11957 0;0
1380 KEY_Y;KEY_ZL;KEY_ZR 30510;-11948 0;0
1381 KEY_Y;KEY_ZL;KEY_ZR 30215;-12676 0;0
1382 KEY_Y;KEY_ZR 29681;-13880 0;0
1383 KEY_Y;KEY_ZR 29526;-14207 0;0
1384 KEY_Y 29456;-14353 0;0
1385 NONE 29485;-14292 0;0
1386 NONE 29474;-14314 0;0
1387 NONE 29493;-14277 0;0
1388 NONE 29512;-14237 0;0
1389 NONE 29564;-14128 0;0
1390 NONE 29785;-13655 0;0
1391 NONE 30101;-12944 0;0
1392 NONE 30494;-11991 0;0
1393 NONE 30962;-10724 0;0
1394 NONE 31968;-7189 0;0
1395 NONE 32511;-4082 0;0
1396 NONE 32759;-696 0;0
1397 NONE 32569;3592 0;0
1398 NONE 32183;6154 0;0
1399 NONE 31942;7305 0;0
1400 NONE 31945;7292 0;0
1401 NONE 31936;7330 0;0
1402 NONE 31926;7372 0;0
1403 NONE 31818;7825 0;0
1404 NONE 31559;8812 0;0
1405 NONE 31095;10331 0;0
1406 NONE 30492;11994 0;0
1407 NONE 29807;13607 0;0
1408 NONE 29082;15095 0;0
1409 NONE 27213;18250 0;0
1410 NONE 22958;23379 0;0
1411 NONE 17243;27862 0;0
1412 NONE 13440;29883 0;0
1413 NONE 12723;30196 0;0
1414 NONE 12267;30383 0;0
1415 NONE 9827;31258 0;0
1416 NONE 8215;31720 0;0
1417 NONE 8049;31762 0;0
1418 NONE 7715;31845 0;0
1419 NONE 7335;31935 0;0
1420 NONE 7050;31999 0;0
1421 NONE 7176;31971 0;0
1422 NONE 7132;31981 0;0
1423 NONE 7100;31988 0;0
1424 NONE 6856;32041 0;0
1425 NONE 5806;32248 0;0
1426 NONE 3852;32539 0;0
1427 NONE 1612;32727 0;0
1428 NONE 1389;32737 0;0
1429 NONE 1455;32734 0;0
1430 NONE 1395;32737 0;0
1431 NONE 1396;32737 0;0
1432 NONE 1365;32738 0;0
1433 NONE 1348;32739 0;0
1434 NONE 1288;32741 0;0
1435 NONE 1341;32739 0;0
1436 NONE 1394;32737 0;0
1437 NONE 1579;31599 0;0
1438 NONE 1539;26119 0;0
1439 NONE 1540;21861 0;0
1440 NONE 1518;20116 0;0
1441 NONE 1560;20188 0;0
1442 NONE 1539;20188 0;0
1443 NONE 1560;20188 0;0
1444 NONE 1559;20116 0;0
1445 NONE 1521;20403 0;0
1446 NONE 1532;21192 0;0
1447 NONE -118;24285 0;0
1448 KEY_B -1434;32735 0;0
1449 KEY_B -1195;32745 0;0
1450 KEY_B -1065;32749 0;0
1451 KEY_B -1091;32748 0;0
1452 KEY_B -766;32758 0;0
1453 KEY_B -707;32759 0;0
1454 KEY_B -705;32759 0;0
1455 KEY_B -686;32759 0;0
1456 NONE -708;32759 0;0
1457 NONE -686;32759 0;0
1458 NONE -687;32759 0;0
1459 NONE -579;32761 0;0
1460 NONE 616;32761 0;0
1461 NONE 1251;32743 0;0
1462 KEY_ZL 1290;32741 0;0
1463 KEY_ZL 1019;32751 0;0
1464 KEY_ZL;KEY_ZR 941;32753 0;0
1465 KEY_ZL;KEY_ZR 941;32753 0;0
1466 KEY_Y;KEY_ZL;KEY_ZR 941;32753 0;0
1467 KEY_Y;KEY_ZL;KEY_ZR 903;32754 0;0
1468 KEY_Y;KEY_ZL;KEY_ZR 941;32753 0;0
1469 KEY_Y;KEY_ZL;KEY_ZR 1018;32751 0;0
1470 KEY_Y;KEY_ZL;KEY_ZR 999;32751 0;0
1471 KEY_Y;KEY_ZL;KEY_ZR 2067;32701 0;0
1472 KEY_ZL;KEY_ZR 3023;32627 0;0
1473 KEY_ZL;KEY_ZR 3402;32589 0;0
1474 KEY_ZL;KEY_ZR 2983;32630 0;0
1475 NONE 3135;32616 0;0
1476 NONE 3156;32614 0;0
1477 NONE 3156;32614 0;0
1478 NONE 3154;32614 0;0
1479 NONE 3156;32614 0;0
1480 NONE 3424;32587 0;0
1481 NONE 6900;32032 0;0
1482 NONE 12901;30120 0;0
1483 NONE 17846;27480 0;0
1484 NONE 20544;25526 0;0
1485 NONE 20398;25643 0;0
1486 NONE 20401;25641 0;0
1487 NONE 19525;26314 0;0
1488 NONE 18207;27243 0;0
1489 NONE 17048;27982 0;0
1490 NONE 14701;29283 0;0
1491 NONE 13018;30069 0;0
1492 NONE 10191;31141 0;0
1493 NONE 9193;31450 0;0
1494 NONE 8605;31616 0;0
1495 NONE 8586;31621 0;0
1496 NONE 8640;31607 0;0
1497 NONE 8608;31615 0;0
1498 NONE 8546;31632 0;0
1499 NONE 8258;31709 0;0
1500 NONE 8107;31748 0;0
1501 NONE 8538;31634 0;0
1502 NONE 8511;31642 0;0
1503 NONE 8467;31654 0;0
1504 NONE 8564;31627 0;0
1505 NONE 8559;31629 0;0
1506 NONE 8550;31631 0;0
1507 NONE 7913;31797 0;0
1508 NONE 6527;32110 0;0
1509 NONE 5963;32219 0;0
1510 NONE 5387;32321 0;0
1511 NONE 3911;32532 0;0
1512 NONE 2658;32659 0;0
1513 NONE 1600;32727 0;0
1514 NONE -3864;32538 0;0
1515 NONE -8303;31697 0;0
1516 NONE -14470;29398 0;0
1517 NONE -20925;25215 0;0
1518 NONE -23648;22680 0;0
1519 NONE -25862;20119 0;0
1520 NONE -28382;16373 0;0
1521 NONE -29857;13497 0;0
1522 NONE -30636;11622 0;0
1523 NONE -31198;10015 0;0
1524 NONE -31633;8544 0;0
1525 NONE -31869;7618 0;0
1526 NONE -32098;6583 0;0
1527 NONE -32276;5649 0;0
1528 NONE -32453;4520 0;0
1529 NONE -32677;2419 0;0
1530 NONE -32747;1125 0;0
1531 NONE -32762;537 0;0
1532 NONE -32741;-1293 0;0
1533 NONE -32694;-2175 0;0
1534 NONE -32527;-3958 0;0
1535 NONE -31818;-7826 0;0
1536 KEY_ZL -31254;-9841 0;0
1537 KEY_ZL -30431;-12149 0;0
1538 KEY_ZL -29512;-14237 0;0
1539 KEY_ZL -29397;-14472 0;0
1540 KEY_B;KEY_ZL -29386;-14495 0;0
1541 KEY_B;KEY_ZL -29406;-14454 0;0
1542 KEY_B;KEY_ZL -29394;-14478 0;0
1543 KEY_B;KEY_ZL -29418;-14430 0;0
1544 KEY_B;KEY_ZL -29480;-14302 0;0
1545 KEY_B;KEY_ZL -30145;-12843 0;0
1546 KEY_B;KEY_ZL -31252;-9846 0;0
1547 KEY_B;KEY_ZL -32557;-3700 0;0
1548 KEY_B;KEY_ZL -32396;4916 0;0
1549 KEY_ZL -30322;12418 0;0
1550 KEY_ZL -28599;15991 0;0
1551 KEY_ZL -28179;16721 0;0
1552 NONE -27370;18014 0;0
1553 NONE -26471;19311 0;0
1554 NONE -25730;20288 0;0
1555 NONE -24931;21262 0;0
1556 NONE -24761;21460 0;0
1557 NONE -24769;21450 0;0
1558 NONE -24761;21460 0;0
1559 NONE -24779;21439 0;0
1560 NONE -24762;21459 0;0
1561 NONE -24797;21418 0;0
1562 NONE -24788;21428 0;0
1563 NONE -24797;21418 0;0
1564 NONE -24771;21449 0;0
1565 NONE -24788;21428 0;0
1566 NONE -24770;21449 0;0
1567 NONE -24779;21439 0;0
1568 NONE -24789;21428 0;0
1569 NONE -24788;21428 0;0
1570 NONE -24762;21459 0;0
1571 NONE -24762;21459 0;0
1572 NONE -24771;21449 0;0
1573 NONE -24771;21449 0;0
1574 NONE -24780;21438 0;0
1575 NONE -24771;21449 0;0
1576 NONE -24780;21438 0;0
1577 NONE -24789;21428 0;0
1578 NONE -24815;21397 0;0
1579 NONE -25091;21073 0;0
1580 NONE -25136;21020 0;0
1581 NONE -25180;20966 0;0
1582 NONE -25145;21009 0;0
1583 NONE -25118;21041 0;0
1584 NONE -25529;20540 0;0
1585 NONE -25878;20099 0;0
1586 NONE -26286;19563 0;0
1587 NONE -26731;18949 0;0
1588 NONE -26785;18874 0;0
1589 NONE -26822;18821 0;0
1590 NONE -26846;18786 0;0
1591 NONE -26808;18841 0;0
1592 NONE -26777;18884 0;0
1593 NONE -26822;18821 0;0
1594 NONE -26805;18845 0;0
1595 NONE -26808;18841 0;0
1596 NONE -26806;18843 0;0
1597 NONE -26830;18808 0;0
1598 NONE -26864;18760 0;0
1599 NONE -26849;18782 0;0
1600 NONE -26949;18638 0;0
1601 NONE -27185;18292 0;0
1602 NONE -27340;18060 0;0
1603 NONE -27325;18082 0;0
1604 NONE -27387;17988 0;0
1605 NONE -27424;17932 0;0
1606 NONE -27563;17717 0;0
1607 NONE -28650;15901 0;0
1608 NONE -29819;13581 0;0
1609 NONE -30610;11691 0;0
1610 NONE -31305;9677 0;0
1611 NONE -31636;8533 0;0
1612 NONE -31862;7647 0;0
1613 NONE -32176;6190 0;0
1614 NONE -32434;4653 0;0
1615 NONE -32566;3615 0;0
1616 NONE -32703;2032 0;0
1617 NONE -32758;749 0;0
1618 NONE -32761;607 0;0
1619 NONE -32755;857 0;0
1620 NONE -32755;856 0;0
1621 NONE -32761;606 0;0
1622 NONE -32569;-3596 0;0
1623 NONE -31503;-9012 0;0
1624 NONE -18991;-10057 0;0
1625 NONE -11253;-6885 0;0
1641 NONE -1169;284 0;0
1642 NONE -9633;995 0;0
1643 NONE -21251;1142 0;0
1644 NONE -25910;1203 0;0
1645 NONE -29111;1224 0;0
1646 NONE -32749;1069 0;0
1647 NONE -32750;1033 0;0
1648 NONE -32763;481 0;0
1649 NONE -32763;481 0;0
1650 NONE -32754;-899 0;0
1651 NONE -32750;-1037 0;0
1652 NONE -32757;-801 0;0
1653 NONE -32760;-645 0;0
1654 NONE -32736;-1408 0;0
1655 NONE -32593;-3371 0;0
1656 NONE -32490;-4251 0;0
1657 KEY_B -32345;-5241 0;0
1658 KEY_B -32351;-5200 0;0
1659 KEY_B -32350;-5206 0;0
1660 KEY_B -32363;-5127 0;0
1661 KEY_B -32354;-5184 0;0
1662 KEY_B -32360;-5143 0;0
1663 KEY_B -32354;-5184 0;0
1664 KEY_B -32238;-5859 0;0
1665 KEY_B -31637;-8529 0;0
1666 KEY_B -29699;-13842 0;0
1667 NONE -27159;-18331 0;0
1668 NONE -26008;-19931 0;0
1669 NONE -26093;-19819 0;0
1670 NONE -26271;-19582 0;0
1671 NONE -26773;-18891 0;0
1672 NONE -27304;-18114 0;0
1673 NONE -27416;-17945 0;0
1674 NONE -27455;-17885 0;0
1675 NONE -27598;-17663 0;0
1676 NONE -27420;-17938 0;0
1677 NONE -27418;-17941 0;0
1678 NONE -26555;-13864 0;0
1679 NONE -24851;-9812 0;0
1680 NONE -23769;-8567 0;0
1681 NONE -20900;-7796 0;0
1682 NONE -13530;-6062 0;0
1683 NONE -7067;-3040 0;0
1715 NONE -3745;-918 0;0
1716 NONE -12476;-1564 0;0
1717 NONE -32734;-1466 0;0
1718 NONE -32735;-1426 0;0
1719 NONE -32735;-1427 0;0
1720 NONE -32734;-1466 0;0
1721 NONE -32681;-2364 0;0
1722 NONE -32696;-2150 0;0
1723 NONE -32707;-1976 0;0
1724 NONE -32707;-1976 0;0
1725 NONE -32709;-1938 0;0
1726 NONE -32710;-1917 0;0
1727 NONE -32708;-1956 0;0
1728 NONE -32707;-1975 0;0
1729 NONE -32708;-1956 0;0
1730 NONE -32712;-1897 0;0
1731 NONE -32714;-1859 0;0
1732 NONE -32711;-1899 0;0
1733 NONE -32708;-1958 0;0
1734 NONE -32715;-1841 0;0
1735 NONE -32734;-1468 0;0
1736 NONE -32746;-1154 0;0
1737 NONE -32748;-1096 0;0
1738 NONE -32766;-58 0;0
1739 NONE -32712;1888 0;0
1740 NONE -32620;3096 0;0
1741 NONE -32378;5031 0;0
1742 NONE -31926;7372 0;0
1743 NONE -31731;8170 0;0
1744 NONE -31634;8541 0;0
1745 NONE -31610;8628 0;0
1746 NONE -31606;8644 0;0
1747 NONE -31609;8633 0;0
1748 NONE -31616;8606 0;0
1749 NONE -31609;8633 0;0
1750 NONE -31613;8617 0;0
1751 NONE -31751;8092 0;0
1752 NONE -31953;7256 0;0
1753 NONE -32144;6356 0;0
1754 NONE -32339;5278 0;0
1755 NONE -32368;5092 0;0
1756 NONE -32387;4971 0;0
1757 NONE -32400;4884 0;0
1758 NONE -32409;4829 0;0
1759 NONE -32411;4815 0;0
1760 NONE -32423;4731 0;0
1761 NONE -32424;4726 0;0
1762 NONE -32429;4694 0;0
1763 NONE -32429;4694 0;0
1764 NONE -32426;4711 0;0
1765 NONE -32426;4714 0;0
1766 NONE -32426;4708 0;0
1767 NONE -32481;4314 0;0
1768 NONE -32618;3118 0;0
1769 KEY_B -32744;1216 0;0
1770 KEY_B -32764;428 0;0
1771 KEY_B -32749;-1077 0;0
1772 KEY_B -32749;-1058 0;0
1773 KEY_B -32750;-1038 0;0
1774 KEY_B -32752;-959 0;0
1775 KEY_B -32754;-921 0;0
1776 KEY_B -32750;-1038 0;0
1777 KEY_B -32751;-1018 0;0
1778 KEY_B -32748;-1096 0;0
1779 KEY_B -32741;-1292 0;0
1780 KEY_B -32731;-1527 0;0
1781 KEY_B -32734;-1448 0;0
1782 KEY_B -32735;-1429 0;0
1783 NONE -32717;-1799 0;0
1784 NONE -32633;-2950 0;0
1785 NONE -32448;-4559 0;0
1786 NONE -32359;-5149 0;0
1787 NONE -32240;-5848 0;0
1788 NONE -32178;-6183 0;0
1789 NONE -32188;-6128 0;0
1790 NONE -32178;-6180 0;0
1791 NONE -32189;-6124 0;0
1792 NONE -32191;-6113 0;0
1793 NONE -32193;-6105 0;0
1794 NONE -32202;-6053 0;0
1795 NONE -32203;-6049 0;0
1796 NONE -32216;-5979 0;0
1797 NONE -32223;-5941 0;0
1798 NONE -32205;-6038 0;0
1799 NONE -32202;-6053 0;0
1800 KEY_ZL -32212;-6001 0;0
1801 KEY_ZL -32257;-5754 0;0
1802 KEY_ZL;KEY_ZR -32325;-5360 0;0
1803 KEY_ZL;KEY_ZR -32580;-3487 0;0
1804 KEY_Y;KEY_ZL;KEY_ZR -32614;-3161 0;0
1805 KEY_Y;KEY_ZL;KEY_ZR -32616;-3139 0;0
1806 KEY_Y;KEY_ZL;KEY_ZR -32612;-3180 0;0
1807 KEY_Y;KEY_ZL;KEY_ZR -32602;-3277 0;0
1808 KEY_Y;KEY_ZL;KEY_ZR -32612;-3180 0;0
1809 KEY_Y;KEY_ZL;KEY_ZR -32606;-3238 0;0
1810 KEY_Y;KEY_ZL;KEY_ZR -32608;-3223 0;0
1811 KEY_Y;KEY_ZL;KEY_ZR -32593;-3371 0;0
1812 KEY_Y -32164;-6254 0;0
1813 KEY_Y -30207;-12696 0;0
1814 NONE -25901;-20070 0;0
1815 NONE -19293;-26484 0;0
1816 NONE -7990;-31777 0;0
1817 NONE 9781;-31273 0;0
1818 NONE 18023;-27364 0;0
1819 NONE 24764;-21457 0;0
1820 NONE 29955;-13279 0;0
1821 NONE 31069;-10409 0;0
1822 NONE 32696;-2149 0;0
1823 NONE 30378;12281 0;0
1824 NONE 27109;18405 0;0
1825 NONE 15903;28648 0;0
1826 NONE 4307;32482 0;0
1827 NONE -7547;31885 0;0
1828 NONE -17954;26711 0;0
1829 NONE -29461;14341 0;0
1830 NONE -30376;-12286 0;0
1831 NONE -23941;-22371 0;0
1832 NONE -8531;-31636 0;0
1833 NONE 3039;-32625 0;0
1834 NONE 17146;-27922 0;0
1835 NONE 24845;-21363 0;0
1836 NONE 29707;-13825 0;0
1837 NONE 32766;127 0;0
1838 NONE 26843;18791 0;0
1839 NONE 11623;30636 0;0
1840 NONE 869;32755 0;0
1841 NONE -11550;30663 0;0
1842 NONE -22007;24276 0;0
1843 NONE -30129;12879 0;0
1844 NONE -30233;-12633 0;0
1845 NONE -27769;-17394 0;0
1846 KEY_B -24883;-21318 0;0
1847 KEY_B;KEY_ZL -16817;-28121 0;0
1848 KEY_B;KEY_ZL -9657;-31311 0;0
1849 KEY_B;KEY_ZL -5976;-32217 0;0
1850 KEY_B;KEY_ZL -2543;-32668 0;0
1851 KEY_B;KEY_ZL -1444;-32735 0;0
1852 KEY_B;KEY_ZL -1217;-32744 0;0
1853 KEY_B;KEY_ZL -1196;-32745 0;0
1854 KEY_ZL -1113;-32748 0;0
1855 KEY_ZL -1133;-32747 0;0
1856 KEY_ZL -1153;-32746 0;0
1857 KEY_ZL -1135;-32747 0;0
1858 KEY_ZL -1154;-32746 0;0
1859 NONE -1218;-32744 0;0
1860 NONE -2910;-32637 0;0
1861 NONE -5435;-32313 0;0
1862 NONE -7850;-31812 0;0
1863 NONE -8517;-31640 0;0
1864 NONE -8891;-31537 0;0
1865 NONE -8848;-31549 0;0
1866 NONE -8806;-31561 0;0
1867 NONE -8854;-31547 0;0
1868 NONE -8801;-31562 0;0
1869 NONE -8759;-31574 0;0
1870 NONE -8667;-31599 0;0
1871 NONE -8493;-31647 0;0
1872 NONE -8283;-31702 0;0
1873 NONE -8318;-31693 0;0
1874 NONE -8274;-31705 0;0
1875 NONE -8235;-31715 0;0
1876 NONE -8230;-31716 0;0
1877 NONE -8225;-31717 0;0
1878 NONE -8210;-31721 0;0
1879 KEY_B -8191;-31726 0;0
1880 KEY_B -8215;-31720 0;0
1881 KEY_B -8220;-31719 0;0
1882 KEY_B -8249;-31711 0;0
1883 KEY_B -8235;-31715 0;0
1884 KEY_B -8254;-31710 0;0
1885 KEY_B;KEY_ZL -7686;-31852 0;0
1886 KEY_B;KEY_ZL -5031;-32378 0;0
1887 KEY_ZL;KEY_ZR -1196;-32745 0;0
1888 KEY_ZL;KEY_ZR 319;-32765 0;0
1889 KEY_Y;KEY_ZL;KEY_ZR 3052;-32624 0;0
1890 KEY_Y;KEY_ZL;KEY_ZR 4635;-32437 0;0
1891 KEY_Y;KEY_ZL;KEY_ZR 7018;-32006 0;0
1892 KEY_Y;KEY_ZL;KEY_ZR 9083;-31482 0;0
1893 KEY_Y;KEY_ZL;KEY_ZR 11373;-30729 0;0
1894 KEY_Y;KEY_ZL;KEY_ZR 14087;-29584 0;0
1895 KEY_Y;KEY_ZL;KEY_ZR 18879;-26781 0;0
1896 KEY_Y;KEY_ZL;KEY_ZR 23770;-22553 0;0
1897 KEY_Y;KEY_ZL 27809;-17329 0;0
1898 KEY_Y;KEY_ZL 32676;-2433 0;0
1899 KEY_Y;KEY_ZL 31074;10394 0;0
1900 KEY_Y;KEY_ZL 28638;15921 0;0
1901 KEY_ZL 25504;20571 0;0
1902 KEY_ZL 22369;23942 0;0
1903 KEY_ZL 17642;27611 0;0
1904 KEY_ZL 5410;32317 0;0
1905 KEY_ZL -7077;31993 0;0
1906 KEY_ZL -15928;28634 0;0
1907 KEY_ZL -26094;19817 0;0
1908 KEY_ZL -31350;9529 0;0
1909 KEY_ZL -32754;-903 0;0
1910 KEY_ZL -26537;-19221 0;0
1911 KEY_ZL -21926;-24349 0;0
1912 KEY_ZL -13281;-29954 0;0
1913 KEY_ZL -1930;-32710 0;0
1914 KEY_ZL 11181;-30800 0;0
1915 KEY_ZL 21202;-24982 0;0
1916 KEY_ZL 27955;-17092 0;0
1917 KEY_ZL 30843;-11062 0;0
1918 KEY_ZL 32736;1409 0;0
1919 KEY_ZL 29386;14494 0;0
1920 KEY_ZL 22116;24177 0;0
1921 KEY_ZL 8973;31514 0;0
1922 KEY_ZL -1303;32741 0;0
1923 KEY_ZL -8217;31719 0;0
1924 KEY_ZL -19173;26571 0;0
1925 KEY_ZL -28144;16779 0;0
1926 KEY_ZL -31949;7274 0;0
1927 KEY_ZL -32390;-4950 0;0
1928 KEY_ZL -27190;-18285 0;0
1929 KEY_ZL -22268;-24037 0;0
1930 KEY_ZL -14521;-29373 0;0
1931 KEY_ZL -1600;-32727 0;0
1932 KEY_ZL 14187;-29536 0;0
1933 NONE 21586;-24651 0;0
1934 NONE 28974;-15302 0;0
1935 NONE 32640;-2877 0;0
1936 NONE 30739;11347 0;0
1937 NONE 23279;23059 0;0
1938 NONE 12412;30324 0;0
1939 NONE 5193;32352 0;0
1940 NONE -7252;31954 0;0
1941 NONE -16401;28366 0;0
1942 NONE -25007;21172 0;0
1943 NONE -32513;4064 0;0
1944 NONE -30609;-11694 0;0
1945 NONE -27408;-17957 0;0
1946 NONE -20887;-25246 0;0
1947 NONE -12450;-30309 0;0
1948 NONE 4641;-32436 0;0
1949 NONE 21938;-24339 0;0
1950 NONE 25284;-20842 0;0
1951 NONE 26605;-19126 0;0
1952 NONE 28560;-16061 0;0
1953 NONE 30432;-12146 0;0
1954 KEY_B 31871;-7606 0;0
1955 KEY_B 32304;-5484 0;0
1956 KEY_B;KEY_ZL 32303;-5494 0;0
1957 KEY_B;KEY_ZL 32329;-5339 0;0
1958 KEY_B;KEY_ZL 32322;-5381 0;0
1959 KEY_B;KEY_ZL 32318;-5403 0;0
1960 KEY_B;KEY_ZL 32288;-5577 0;0
1961 KEY_B;KEY_ZL 32261;-5735 0;0
1962 KEY_ZL 32258;-5751 0;0
1963 KEY_ZL 32265;-5709 0;0
1964 KEY_ZL 32261;-5732 0;0
1965 KEY_ZL 32257;-5755 0;0
1966 KEY_ZL 32254;-5771 0;0
1967 NONE 32226;-5925 0;0
1968 NONE 32044;-6844 0;0
1969 NONE 31818;-7827 0;0
1970 NONE 31715;-8233 0;0
1971 NONE 31725;-8196 0;0
1972 NONE 31728;-8182 0;0
1973 NONE 31728;-8182 0;0
1974 NONE 31738;-8145 0;0
1975 NONE 31750;-8099 0;0
1976 NONE 31754;-8081 0;0
1977 NONE 31753;-8086 0;0
1978 NONE 31747;-8109 0;0
1979 NONE 31747;-8109 0;0
1980 NONE 31754;-8081 0;0
1981 NONE 31751;-8095 0;0
1982 NONE 31779;-7984 0;0
1983 NONE 31849;-7701 0;0
1984 NONE 31840;-7738 0;0
1985 NONE 31926;-7375 0;0
1986 NONE 31949;-7271 0;0
1987 NONE 32070;-6719 0;0
1988 NONE 32058;-6776 0;0
1989 NONE 32025;-6932 0;0
1990 NONE 32177;-6185 0;0
1991 NONE 32164;-6254 0;0
1992 NONE 32171;-6220 0;0
1993 NONE 32156;-6296 0;0
1994 NONE 32168;-6235 0;0
1995 NONE 32149;-6331 0;0
1996 NONE 32164;-6254 0;0
1997 NONE 32168;-6232 0;0
1998 NONE 32160;-6273 0;0
1999 NONE 32160;-6277 0;0
2000 NONE 32091;-6617 0;0
2001 NONE 32036;-6878 0;0
2002 KEY_B 32011;-6995 0;0
2003 KEY_B 31938;-7323 0;0
2004 KEY_B 31967;-7192 0;0
2005 KEY_B 31969;-7184 0;0
2006 KEY_B 31989;-7094 0;0
2007 KEY_B 31985;-7112 0;0
2008 KEY_B 31993;-7079 0;0
2009 KEY_B 31979;-7142 0;0
2010 KEY_B 32243;-5832 0;0
2011 KEY_B 32275;-5655 0;0
2012 NONE 32349;-5216 0;0
2013 NONE 32522;-3993 0;0
2014 NONE 32727;-1607 0;0
2015 NONE 32743;1247 0;0
2016 NONE 32728;1596 0;0
2017 NONE 32714;1845 0;0
2018 NONE 32723;1690 0;0
2019 NONE 32723;1690 0;0
2020 NONE 32724;1667 0;0
2021 NONE 32724;1667 0;0
2022 NONE 32723;1684 0;0
2023 NONE 32724;1667 0;0
2024 NONE 32722;1705 0;0
2025 NONE 32723;1687 0;0
2026 NONE 32723;1689 0;0
2027 KEY_ZL 32722;1705 0;0
2028 KEY_ZL;KEY_ZR 32722;1705 0;0
2029 KEY_Y;KEY_ZL;KEY_ZR 32705;2012 0;0
2030 KEY_Y;KEY_ZL;KEY_ZR 32702;2049 0;0
2031 KEY_Y;KEY_ZL;KEY_ZR 32687;2284 0;0
2032 KEY_Y;KEY_ZL;KEY_ZR 32678;2410 0;0
2033 KEY_Y;KEY_ZL;KEY_ZR 32536;3882 0;0
2034 KEY_Y;KEY_ZL;KEY_ZR 32538;3860 0;0
2035 KEY_Y;KEY_ZL;KEY_ZR 32534;3900 0;0
2036 KEY_Y;KEY_ZL;KEY_ZR 32537;3869 0;0
2037 KEY_Y;KEY_ZR 32540;3846 0;0
2038 KEY_Y;KEY_ZR 32534;3900 0;0
2039 KEY_Y;KEY_ZR 32534;3897 0;0
2040 NONE 32531;3920 0;0
2041 NONE 32534;3900 0;0
2042 NONE 32529;3935 0;0
2043 NONE 32534;3900 0;0
2044 NONE 32540;3849 0;0
2045 NONE 32646;2810 0;0
2046 NONE 32690;2231 0;0
2047 NONE 32730;1544 0;0
2048 NONE 32733;1471 0;0
2049 NONE 32731;1526 0;0
2050 NONE 32742;1272 0;0
2051 NONE 32670;-2508 0;0
2052 NONE 32381;-5012 0;0
2053 NONE 15785;-4890 0;0
2072 NONE 289;5889 0;0
2073 NONE 369;14623 0;0
2074 NONE 405;23455 0;0
2075 NONE -71;32766 0;0
2076 NONE -1323;32740 0;0
2077 NONE -1298;32741 0;0
2078 NONE -1872;32713 0;0
2079 NONE -3328;32597 0;0
2080 NONE -4141;32504 0;0
2081 NONE -4716;32425 0;0
2082 NONE -4744;32421 0;0
2083 NONE -4718;32425 0;0
2084 NONE -4759;32419 0;0
2085 NONE -4703;32427 0;0
2086 NONE -4592;32443 0;0
2087 NONE -3401;32590 0;0
2088 NONE -2473;32673 0;0
2089 NONE -2414;32677 0;0
2090 NONE -2244;32690 0;0
2091 NONE -2351;32682 0;0
2092 NONE -2368;32681 0;0
2093 NONE -2327;32684 0;0
2094 NONE -2435;32676 0;0
2095 NONE -3809;32544 0;0
2096 NONE -7954;31786 0;0
2097 NONE -15308;28971 0;0
2098 NONE -22956;23380 0;0
2099 NONE -27498;17819 0;0
2100 NONE -29175;14915 0;0
2101 NONE -29905;13392 0;0
2102 NONE -30328;12404 0;0
2103 NONE -30542;11866 0;0
2104 NONE -30503;11967 0;0
2105 NONE -30494;11990 0;0
2106 NONE -30638;11617 0;0
2107 NONE -31969;7186 0;0
2108 NONE -32222;-5947 0;0
2109 NONE -28388;-16364 0;0
2110 NONE -26205;-19670 0;0
2111 NONE -20084;-25889 0;0
2112 NONE -11975;-30500 0;0
2113 NONE -7032;-32003 0;0
2114 NONE -1142;-32747 0;0
2115 NONE 2597;-32663 0;0
2116 NONE 7314;-31940 0;0
2117 NONE 10670;-30980 0;0
2118 NONE 12138;-30435 0;0
2119 NONE 9965;-21208 0;0
2142 NONE 2288;1286 0;0
2143 NONE 6676;3455 0;0
2144 NONE 19702;8234 0;0
2145 NONE 29157;10648 0;0
2146 NONE 30720;11397 0;0
2147 NONE 30662;11553 0;0
2148 NONE 30642;11606 0;0
2149 NONE 30634;11628 0;0
2150 NONE 30642;11606 0;0
2151 NONE 30643;11603 0;0
2152 NONE 30648;11591 0;0
2153 NONE 30648;11591 0;0
2154 NONE 30625;11650 0;0
2155 NONE 30181;12757 0;0
2156 NONE 28472;16217 0;0
2157 NONE 24892;21308 0;0
2158 NONE 19687;26193 0;0
2159 NONE 10326;31097 0;0
2160 NONE 5297;32335 0;0
2161 NONE -5914;32228 0;0
2162 NONE -16958;28036 0;0
2163 NONE -23219;23119 0;0
2164 NONE -26658;19052 0;0
2165 NONE -29587;14080 0;0
2166 NONE -30765;11275 0;0
2167 NONE -31549;8849 0;0
2168 NONE -32047;6827 0;0
2169 NONE -32350;5208 0;0
2170 NONE -32511;4082 0;0
2171 KEY_B -32603;3272 0;0
2172 KEY_B -32623;3061 0;0
2173 KEY_B -32626;3029 0;0
2174 KEY_B -32709;1942 0;0
2175 KEY_B -32766;160 0;0
2176 KEY_B -32632;-2969 0;0
2177 KEY_B -32447;-4565 0;0
2178 KEY_B -32264;-5717 0;0
2179 KEY_B -31986;-7109 0;0
2180 KEY_B -31942;-7304 0;0
2181 KEY_B -31936;-7331 0;0
2182 KEY_B -31946;-7286 0;0
2183 KEY_B -31945;-7290 0;0
2184 KEY_B -31941;-7309 0;0
2185 NONE -31941;-7309 0;0
2186 NONE -31949;-7272 0;0
2187 NONE -31946;-7286 0;0
2188 NONE -31948;-7277 0;0
2189 NONE -32030;-6906 0;0
2190 NONE -32160;-6273 0;0
2191 NONE -32624;-3050 0;0
2192 NONE -32740;1305 0;0
2193 NONE -32563;3648 0;0
2194 NONE -32162;6266 0;0
2195 NONE -31325;9613 0;0
2196 NONE -30667;11539 0;0
2197 NONE -29898;13407 0;0
2198 KEY_ZL -28594;16001 0;0
2199 KEY_ZL -27388;17987 0;0
2200 KEY_ZL;KEY_ZR -26621;19104 0;0
2201 KEY_Y;KEY_ZL;KEY_ZR -26573;19171 0;0
2202 KEY_Y;KEY_ZL;KEY_ZR -26555;19196 0;0
2203 KEY_Y;KEY_ZL;KEY_ZR -27126;18380 0;0
2204 KEY_Y;KEY_ZL;KEY_ZR -28942;15363 0;0
2205 KEY_Y;KEY_ZL;KEY_ZR -30159;12808 0;0
2206 KEY_Y;KEY_ZL;KEY_ZR -30970;10699 0;0
2207 KEY_Y;KEY_ZL;KEY_ZR -31608;8634 0;0
2208 KEY_Y;KEY_ZL;KEY_ZR -31596;8678 0;0
2209 KEY_Y;KEY_ZR -31593;8689 0;0
2210 KEY_Y;KEY_ZR -31595;8682 0;0
2211 NONE -30782;11230 0;0
2212 NONE -29222;14822 0;0
2213 NONE -25649;20390 0;0
2214 NONE -19776;26126 0;0
2215 NONE -11303;30755 0;0
2216 NONE 10693;30972 0;0
2217 NONE 11325;30747 0;0
2218 NONE 11413;30714 0;0
2219 NONE 11190;30796 0;0
2220 NONE 10961;30879 0;0
2221 NONE 9982;28749 0;0
2222 NONE 5238;19441 0;0
2223 NONE 2859;12718 0;0
2224 NONE 2317;7974 0;0
2239 NONE 255;207 0;0
2240 NONE 1466;1370 0;0
2241 NONE 4432;4076 0;0
2242 NONE 9013;7970 0;0
2243 NONE 16098;13153 0;0
2244 NONE 21684;16222 0;0
2245 NONE 25295;18729 0;0
2246 NONE 25553;20511 0;0
2247 NONE 25210;20930 0;0
2248 NONE 24761;21460 0;0
2249 NONE 24294;21987 0;0
2250 NONE 24164;22130 0;0
2251 NONE 24095;22206 0;0
2252 NONE 23298;23040 0;0
2253 NONE 21130;25043 0;0
2254 NONE 17959;27407 0;0
2255 NONE 13810;29714 0;0
2256 NONE 12767;30177 0;0
2257 NONE 12424;30320 0;0
2258 NONE 11823;30559 0;0
2259 NONE 11567;30657 0;0
2260 NONE 10454;31054 0;0
2261 NONE 8712;31587 0;0
2262 NONE 8280;31703 0;0
2263 NONE 8062;31759 0;0
2264 NONE 8329;31690 0;0
2265 NONE 8164;31733 0;0
2266 KEY_B 8249;31711 0;0
2267 KEY_B 8281;31703 0;0
2268 KEY_B 8303;31697 0;0
2269 KEY_B 8263;31707 0;0
2270 KEY_B 8267;31706 0;0
2271 KEY_B 8298;31698 0;0
2272 KEY_B 8330;31690 0;0
2273 KEY_B 8281;31703 0;0
2274 KEY_B 7966;31783 0;0
2275 KEY_ZL 5924;32227 0;0
2276 KEY_ZL;KEY_ZR 1112;32748 0;0
2277 KEY_Y;KEY_ZL;KEY_ZR -1067;32749 0;0
2278 KEY_Y;KEY_ZL;KEY_ZR -7760;31834 0;0
2279 KEY_Y;KEY_ZL;KEY_ZR -18079;27327 0;0
2280 KEY_Y;KEY_ZL;KEY_ZR -23984;22325 0;0
2281 KEY_Y;KEY_ZL;KEY_ZR -28505;16158 0;0
2282 KEY_Y;KEY_ZR -31564;8794 0;0
2283 KEY_Y;KEY_ZR -31907;-7456 0;0
2284 KEY_Y;KEY_ZR -26225;-19643 0;0
2285 KEY_Y -17936;-27421 0;0
2286 KEY_Y -4961;-32389 0;0
2287 KEY_Y 641;-32760 0;0
2288 NONE 20279;-25737 0;0
2289 NONE 25390;-20712 0;0
2290 NONE 28623;-15948 0;0
2291 NONE 32351;-5199 0;0
2292 NONE 31059;10440 0;0
2293 NONE 25581;20475 0;0
2294 NONE 12066;30464 0;0
2295 NONE 6254;32164 0;0
2296 NONE -4371;32474 0;0
2297 NONE -15511;28863 0;0
2298 NONE -25268;20860 0;0
2299 NONE -31287;9735 0;0
2300 NONE -27440;-17908 0;0
2301 NONE -23505;-22828 0;0
2302 NONE -17635;-27616 0;0
2303 NONE -3137;-32616 0;0
2304 NONE 13039;-30060 0;0
2305 NONE 22843;-23491 0;0
2306 NONE 30266;-12553 0;0
2307 NONE 32580;3495 0;0
2308 NONE 29383;14500 0;0
2309 NONE 19093;26629 0;0
2310 NONE 8528;31637 0;0
2311 NONE 4532;32452 0;0
2312 NONE -2299;32686 0;0
2313 NONE -4746;32421 0;0
2314 NONE -6308;32154 0;0
2315 KEY_B -8676;31597 0;0
2316 KEY_B;KEY_ZL -8863;31545 0;0
2317 KEY_B;KEY_ZL -9337;31408 0;0
2318 KEY_B;KEY_ZL -9361;31401 0;0
2319 KEY_B;KEY_ZL -9351;31404 0;0
2320 KEY_B;KEY_ZL -9380;31395 0;0
2321 KEY_B;KEY_ZL -9352;31404 0;0
2322 KEY_B;KEY_ZL -9322;31412 0;0
2323 KEY_ZL -9313;31415 0;0
2324 KEY_ZL -9289;31422 0;0
2325 KEY_ZL -9299;31419 0;0
2326 KEY_ZL -9236;31438 0;0
2327 KEY_ZL -9438;31378 0;0
2328 NONE -10210;31135 0;0
2329 NONE -11482;29889 0;0
2330 NONE -8777;19311 0;0
2331 NONE -3288;10724 0;0
2332 NONE 80;2893 0;0
2344 NONE 0;56 0;0
2345 NONE -1340;7902 0;0
2346 NONE -5833;15303 0;0
2347 NONE -10059;22060 0;0
2348 NONE -14884;29191 0;0
2349 NONE -16718;28181 0;0
2350 NONE -18765;26861 0;0
2351 NONE -23569;22762 0;0
2352 NONE -26157;19734 0;0
2353 NONE -27990;17035 0;0
2354 NONE -29512;14235 0;0
2355 NONE -29943;13306 0;0
2356 NONE -30124;12891 0;0
2357 NONE -30284;12512 0;0
2358 NONE -30613;11683 0;0
2359 NONE -31153;10156 0;0
2360 KEY_B -31949;7275 0;0
2361 KEY_B -32392;4943 0;0
2362 KEY_B -32684;2318 0;0
2363 KEY_B -32766;196 0;0
2364 KEY_B -32766;160 0;0
2365 KEY_B -32765;303 0;0
2366 KEY_B -32766;214 0;0
2367 KEY_B -32766;178 0;0
2368 KEY_B -32764;374 0;0
2369 NONE -32766;125 0;0
2370 NONE -32765;-294 0;0
2371 NONE -32707;-1975 0;0
2372 NONE -32703;-2032 0;0
2373 NONE -32710;-1917 0;0
2374 NONE -32721;-1720 0;0
2375 NONE -32750;1036 0;0
2376 NONE -32593;3362 0;0
2377 NONE -32427;4702 0;0
2378 NONE -32345;5240 0;0
2379 NONE -32249;5802 0;0
2380 NONE -32236;5873 0;0
2381 NONE -32077;6685 0;0
2382 NONE -31946;7285 0;0
2383 KEY_B -31874;7594 0;0
2384 KEY_B -31818;7826 0;0
2385 KEY_B -31840;7737 0;0
2386 KEY_B -31821;7814 0;0
2387 KEY_B -31826;7794 0;0
2388 KEY_B -31809;7861 0;0
2389 KEY_B -31662;8436 0;0
2390 KEY_B -31653;8469 0;0
2391 NONE -31654;8465 0;0
2392 NONE -31651;8475 0;0
2393 NONE -31673;8393 0;0
2394 NONE -31889;7532 0;0
2395 NONE -31985;7115 0;0
2396 NONE -32289;5570 0;0
2397 NONE -32349;5215 0;0
2398 NONE -32396;4914 0;0
2399 NONE -32576;3532 0;0
2400 NONE -32596;3338 0;0
2401 NONE -32635;2927 0;0
2402 NONE -32647;2799 0;0
2403 NONE -32689;2248 0;0
2404 NONE -32731;1517 0;0
2405 NONE -32757;768 0;0
2406 NONE -32766;107 0;0
2407 NONE -32758;-744 0;0
2408 NONE -32751;-999 0;0
2409 NONE -32729;-1567 0;0
2410 NONE -32707;-1977 0;0
2411 NONE -32703;-2037 0;0
2412 NONE -32704;-2018 0;0
2413 NONE -32710;-1919 0;0
2414 NONE -32706;-1997 0;0
2415 NONE -32701;-2076 0;0
2416 NONE -32703;-2037 0;0
2417 NONE -32706;-1997 0;0
2418 NONE -32710;-1919 0;0
2419 NONE -32703;-2034 0;0
2420 NONE -32708;-1958 0;0
2421 NONE -32706;-1998 0;0
2422 NONE -32701;-2073 0;0
2423 NONE -32699;-2094 0;0
2424 NONE -32706;-1997 0;0
2425 NONE -32686;-2289 0;0
2426 NONE -32671;-2503 0;0
2427 NONE -32681;-2368 0;0
2428 KEY_ZL -32762;-524 0;0
2429 KEY_ZL;KEY_ZR -6692;-198 0;0
2430 KEY_ZL;KEY_ZR 1041;32 0;0
2431 KEY_Y;KEY_ZL;KEY_ZR 32574;-2311 0;0
2432 KEY_Y;KEY_ZL;KEY_ZR 32589;-3403 0;0
2433 KEY_Y;KEY_ZL;KEY_ZR 32497;-4195 0;0
2434 KEY_Y;KEY_ZL;KEY_ZR 32492;-4231 0;0
2435 KEY_Y;KEY_ZL;KEY_ZR 32477;-4347 0;0
2436 KEY_Y;KEY_ZL;KEY_ZR 32461;-4465 0;0
2437 KEY_Y;KEY_ZR 32374;-5058 0;0
2438 KEY_Y;KEY_ZR 32079;-6677 0;0
2439 KEY_Y;KEY_ZR 32010;-6998 0;0
2440 NONE 32006;-7016 0;0
2441 NONE 32001;-7042 0;0
2442 NONE 31997;-7061 0;0
2443 NONE 32011;-6995 0;0
2444 NONE 32007;-7013 0;0
2445 NONE 32018;-6962 0;0
2446 NONE 32038;-6869 0;0
2447 NONE 32048;-6825 0;0
2448 NONE 32046;-6833 0;0
2449 NONE 32046;-6833 0;0
2450 NONE 32057;-6781 0;0
2451 NONE 32054;-6796 0;0
2452 NONE 32049;-6818 0;0
2453 NONE 32051;-6811 0;0
2454 NONE 32049;-6818 0;0
2455 NONE 32050;-6814 0;0
2456 NONE 32041;-6855 0;0
2457 NONE 32046;-6833 0;0
2458 NONE 32114;-6505 0;0
2459 NONE 32397;-4909 0;0
2460 NONE 32670;-2508 0;0
2461 NONE 32766;-105 0;0
2462 NONE 24861;3829 0;0
2467 NONE -3202;9 0;0
2468 NONE -14360;1735 0;0
2469 NONE -21582;5723 0;0
2470 NONE -31967;7192 0;0
2471 NONE -31971;7175 0;0
2472 NONE -31963;7213 0;0
2473 NONE -31965;7204 0;0
2474 NONE -31972;7170 0;0
2475 NONE -31972;7170 0;0
2476 NONE -31970;7179 0;0
2477 NONE -31968;7187 0;0
2478 NONE -31971;7175 0;0
2479 NONE -31967;7192 0;0
2480 NONE -31967;7192 0;0
2481 NONE -31963;7213 0;0
2482 NONE -31963;7213 0;0
2483 NONE -31939;7317 0;0
2484 NONE -31865;7633 0;0
2485 NONE -31828;7786 0;0
2486 NONE -31692;8322 0;0
2487 NONE -31705;8273 0;0
2488 NONE -31662;8434 0;0
2489 NONE -31518;8960 0;0
2490 NONE -31496;9034 0;0
2491 NONE -31496;9034 0;0
2492 NONE -31238;9890 0;0
2493 NONE -27185;10039 0;0
2494 NONE -19614;7687 0;0
2495 NONE -10693;3124 0;0
2496 NONE -1125;-73 0;0
2522 KEY_B 0;0 0;0
2523 KEY_B 0;0 0;0
2524 KEY_B 0;0 0;0
2525 KEY_B 0;0 0;0
2526 KEY_B 0;0 0;0
2529 NONE -221;-3134 0;0
2530 NONE -1860;-9657 0;0
2531 NONE -4045;-15665 0;0
2532 NONE -5255;-18650 0;0
2533 NONE -6559;-20694 0;0
2534 NONE -9654;-26619 0;0
2535 NONE -11456;-30699 0;0
2536 NONE -11430;-30708 0;0
2537 NONE -8907;-31532 0;0
2538 NONE -6930;-32025 0;0
2539 NONE -2874;-32640 0;0
2540 NONE 3055;-32624 0;0
2541 NONE 6353;-32145 0;0
2542 NONE 12406;-30327 0;0
2543 NONE 22918;-23418 0;0
2544 NONE 29987;-13207 0;0
2545 NONE 32677;2413 0;0
2546 NONE 28052;16933 0;0
2547 NONE 20565;25509 0;0
2548 NONE 12551;30267 0;0
2549 NONE -1155;32746 0;0
2550 NONE -8982;31511 0;0
2551 NONE -19339;25698 0;0
2552 NONE -30067;13024 0;0
2553 NONE -32492;-4228 0;0
2554 NONE -28067;-16908 0;0
2555 NONE -21706;-24546 0;0
2556 NONE -11098;-30830 0;0
2557 NONE 173;-32766 0;0
2558 NONE 20097;-25879 0;0
2559 NONE 25756;-20255 0;0
2560 NONE 30305;-12459 0;0
2561 NONE 32597;3327 0;0
2562 NONE 29839;13538 0;0
2563 NONE 23144;23194 0;0
2564 NONE 7887;31803 0;0
2565 NONE 749;32758 0;0
2566 NONE -8236;31714 0;0
2567 NONE -21090;22722 0;0
2568 NONE -31138;10201 0;0
2569 NONE -31085;-10361 0;0
2570 NONE -25615;-20432 0;0
2571 NONE -19333;-26455 0;0
2572 NONE -8056;-31761 0;0
2573 NONE 15341;-28953 0;0
2574 NONE 22036;-24249 0;0
2575 NONE 26019;-19917 0;0
2576 NONE 31796;-7913 0;0
2577 NONE 31916;7417 0;0
2578 NONE 26436;19359 0;0
2579 NONE 7503;31896 0;0
2580 NONE -8044;31764 0;0
2581 KEY_B -15847;26730 0;0
2582 KEY_B;KEY_ZL -30742;-11339 0;0
2583 KEY_B;KEY_ZL -24022;-22284 0;0
2584 KEY_B;KEY_ZL -18879;-26781 0;0
2585 KEY_B;KEY_ZL -7272;-31949 0;0
2586 KEY_B;KEY_ZL -2624;-32661 0;0
2587 KEY_B;KEY_ZL 6150;-32184 0;0
2588 KEY_B;KEY_ZL 8290;-31700 0;0
2589 KEY_B;KEY_ZL 8372;-31679 0;0
2590 KEY_B;KEY_ZL 8425;-31665 0;0
2591 KEY_ZL 8431;-31663 0;0
2592 KEY_ZL 8288;-31701 0;0
2593 KEY_ZL 8094;-31751 0;0
2594 KEY_ZL 8076;-31755 0;0
2595 KEY_ZL 8041;-31764 0;0
2596 KEY_ZL 8033;-31767 0;0
2597 KEY_ZL 8077;-31755 0;0
2598 KEY_ZL 8034;-31766 0;0
2599 KEY_ZL 8070;-31757 0;0
2600 KEY_ZL 8075;-31756 0;0
2601 KEY_ZL 8092;-31751 0;0
2602 KEY_ZL 8057;-31760 0;0
2603 KEY_ZL 8039;-31765 0;0
2604 NONE 7976;-31781 0;0
2605 NONE 7458;-31906 0;0
2606 NONE 6458;-32124 0;0
2607 NONE 5598;-32285 0;0
2608 NONE 5143;-32360 0;0
2609 NONE 4843;-32407 0;0
2610 NONE 4965;-32388 0;0
2611 NONE 4925;-32394 0;0
2612 NONE 4898;-32398 0;0
2613 NONE 4922;-32395 0;0
2614 NONE 4919;-32395 0;0
2615 NONE 4769;-32418 0;0
2616 NONE 3706;-32556 0;0
2617 NONE 2694;-32656 0;0
2618 NONE 1696;-32723 0;0
2619 NONE 1564;-32729 0;0
2620 KEY_B 1527;-32731 0;0
2621 KEY_B 1733;-32721 0;0
2622 KEY_B 1602;-32727 0;0
2623 KEY_B 1622;-32726 0;0
2624 KEY_B;KEY_ZL 1718;-32721 0;0
2625 KEY_B;KEY_ZL 2169;-32695 0;0
2626 KEY_B;KEY_ZL 4068;-32513 0;0
2627 KEY_B;KEY_ZL;KEY_ZR 6993;-32011 0;0
2628 KEY_B;KEY_ZL;KEY_ZR 11429;-30709 0;0
2629 KEY_Y;KEY_ZL;KEY_ZR 16473;-28325 0;0
2630 KEY_Y;KEY_ZL;KEY_ZR 22375;-23937 0;0
2631 KEY_Y;KEY_ZL;KEY_ZR 26539;-19218 0;0
2632 KEY_Y;KEY_ZL;KEY_ZR 30261;-12567 0;0
2633 KEY_Y;KEY_ZL;KEY_ZR 32499;4182 0;0
2634 KEY_Y;KEY_ZL;KEY_ZR 29377;14514 0;0
2635 KEY_Y;KEY_ZL;KEY_ZR 22964;23372 0;0
2636 KEY_Y;KEY_ZR 12520;30280 0;0
2637 KEY_Y;KEY_ZR 6542;32107 0;0
2638 KEY_Y;KEY_ZR -1814;32716 0;0
2639 KEY_Y -9889;31238 0;0
2640 KEY_Y -20349;25682 0;0
2641 NONE -26289;19559 0;0
2642 NONE -32516;4044 0;0
2643 NONE -29695;-13851 0;0
2644 NONE -24966;-21221 0;0
2645 NONE -15925;-28636 0;0
2646 NONE -4094;-32510 0;0
2647 NONE 2839;-32643 0;0
2648 NONE 21967;-24312 0;0
2649 NONE 26237;-19628 0;0
2650 NONE 29179;-14908 0;0
2651 NONE 32762;-520 0;0
2652 NONE 30327;12407 0;0
2653 NONE 21467;24755 0;0
2654 NONE 903;32754 0;0
2655 NONE -7138;31979 0;0
2656 NONE -14275;29493 0;0
2657 NONE -25897;20075 0;0
2658 NONE -32387;4974 0;0
2659 NONE -29057;-15144 0;0
2660 NONE -24097;-22203 0;0
2661 NONE -20091;-25884 0;0
2662 NONE -20052;-25914 0;0
2663 NONE -26697;-18997 0;0
2664 NONE -27425;1213 0;0
2665 NONE -29196;14873 0;0
2666 KEY_B -29874;13460 0;0
2667 KEY_B -30290;12496 0;0
2668 KEY_B;KEY_ZL -30287;12502 0;0
2669 KEY_B;KEY_ZL -30271;12542 0;0
2670 KEY_B;KEY_ZL -30233;12633 0;0
2671 KEY_B;KEY_ZL -30217;12671 0;0
2672 KEY_B;KEY_ZL -30204;12702 0;0
2673 KEY_B;KEY_ZL -30211;12687 0;0
2674 KEY_ZL -30195;12725 0;0
2675 KEY_ZL -30204;12702 0;0
2676 KEY_ZL -30182;12755 0;0
2677 KEY_ZL -30201;12710 0;0
2678 NONE -30198;12717 0;0
2679 NONE -30201;12709 0;0
2680 NONE -30195;12725 0;0
2681 NONE -30191;12732 0;0
2682 NONE -30207;12694 0;0
2683 NONE -30204;12702 0;0
2684 NONE -30201;12710 0;0
2685 NONE -30191;12732 0;0
2686 NONE -30191;12732 0;0
2687 NONE -30204;12702 0;0
2688 NONE -30195;12725 0;0
2689 NONE -30195;12725 0;0
2690 NONE -30201;12710 0;0
2691 NONE -30156;12816 0;0
2692 NONE -30098;12951 0;0
2693 NONE -30000;13176 0;0
2694 NONE -29905;13392 0;0
2695 NONE -29609;14034 0;0
2696 NONE -28605;15981 0;0
2697 NONE -27242;18207 0;0
2698 NONE -25554;20509 0;0
2699 NONE -23029;23309 0;0
2700 NONE -21641;24603 0;0
2701 NONE -20209;25792 0;0
2702 NONE -18924;26749 0;0
2703 NONE -16977;28026 0;0
2704 NONE -16140;28516 0;0
2705 KEY_B -15973;28609 0;0
2706 KEY_B -15646;28790 0;0
2707 KEY_B -15679;28771 0;0
2708 KEY_B -15730;28744 0;0
2709 KEY_B -15763;28726 0;0
2710 KEY_B -15722;28748 0;0
2711 KEY_B -14402;29431 0;0
2712 NONE -12786;30169 0;0
2713 NONE -11839;30553 0;0
2714 NONE -11032;30853 0;0
2715 NONE -9397;31390 0;0
2716 NONE -6672;32080 0;0
2717 NONE -1260;32742 0;0
2718 NONE -832;32756 0;0
2719 NONE -106;32766 0;0
2720 NONE 1820;32716 0;0
2721 NONE 3555;32573 0;0
2722 NONE 3570;32571 0;0
2723 NONE 3685;32559 0;0
2724 NONE 3568;32572 0;0
2725 NONE 3666;32561 0;0
2726 NONE 3700;32557 0;0
2727 NONE 3681;32559 0;0
2728 NONE 3700;32557 0;0
2729 NONE 4025;32518 0;0
2730 KEY_B 4090;28669 0;0
2731 KEY_B 3836;23869 0;0
2732 KEY_B 3758;17946 0;0
2733 KEY_B 3532;13989 0;0
2734 KEY_B 2924;6815 0;0
2735 NONE 598;252 0;0
2736 NONE 314;80 0;0
2762 KEY_B 0;0 0;0
2763 KEY_B 0;0 0;0
2764 KEY_B 0;0 0;0
2765 KEY_B 0;0 0;0
2801 KEY_B 0;0 0;0
2802 KEY_B 0;0 0;0
2803 KEY_B 0;0 0;0
2827 NONE -1579;-1744 0;0
2828 NONE -9556;-5209 0;0
2829 NONE -18638;-8242 0;0
2830 KEY_B -30010;-10408 0;0
2831 KEY_B -31085;-10361 0;0
2832 KEY_B -30990;-10643 0;0
2833 KEY_B -30997;-10621 0;0
2834 NONE -31023;-10544 0;0
2835 NONE -31029;-10527 0;0
2836 NONE -31007;-10592 0;0
2837 NONE -30958;-10736 0;0
2838 NONE -30735;-11359 0;0
2839 NONE -30506;-11958 0;0
2840 NONE -29957;-13275 0;0
2841 NONE -29519;-14223 0;0
2842 NONE -28895;-15451 0;0
2843 NONE -28165;-16745 0;0
2844 NONE -27894;-17193 0;0
2845 NONE -27672;-17547 0;0
2846 NONE -27657;-17571 0;0
2847 NONE -27666;-17556 0;0
2848 NONE -27693;-17514 0;0
2849 NONE -27693;-17514 0;0
2850 NONE -27687;-17523 0;0
2851 NONE -27690;-17518 0;0
2852 NONE -27699;-17504 0;0
2853 NONE -27675;-17542 0;0
2854 NONE -27675;-17542 0;0
2855 NONE -27602;-17656 0;0
2856 NONE -27450;-17892 0;0
2857 NONE -27460;-17876 0;0
2858 NONE -27479;-17847 0;0
2859 NONE -27282;-18147 0;0
2860 NONE -26523;-19240 0;0
2861 NONE -20428;-20598 0;0
2862 NONE -6798;-19513 0;0
2863 NONE 3970;-19441 0;0
2864 NONE 5160;-19397 0;0
2865 NONE 5005;-16463 0;0
2878 NONE 836;328 0;0
2879 NONE 12183;2581 0;0
2880 NONE 25272;3081 0;0
2881 NONE 32668;2539 0;0
2882 NONE 32667;2553 0;0
2883 NONE 32675;2447 0;0
2884 NONE 32674;2464 0;0
2885 NONE 32681;2359 0;0
2886 NONE 32680;2377 0;0
2887 NONE 32684;2321 0;0
2888 NONE 32691;2219 0;0
2889 NONE 32763;-496 0;0
2890 NONE 32640;-2873 0;0
2891 NONE 32443;-4592 0;0
2892 NONE 32432;-4667 0;0
2893 NONE 32430;-4683 0;0
2894 NONE 32385;-4987 0;0
2895 NONE 30791;-3881 0;0
2896 NONE 8153;-506 0;0
2908 NONE 198;192 0;0
2909 NONE 2109;1982 0;0
2910 NONE 7098;6771 0;0
2911 NONE 16157;12544 0;0
2912 NONE 28994;15265 0;0
2913 NONE 29788;13650 0;0
2914 NONE 29767;13694 0;0
2915 NONE 29788;13650 0;0
2916 NONE 29788;13650 0;0
2917 NONE 29798;13628 0;0
2918 NONE 29808;13606 0;0
2919 NONE 29784;13658 0;0
2920 NONE 29778;13672 0;0
2921 NONE 29764;13702 0;0
2922 NONE 29767;13694 0;0
2923 NONE 29936;13321 0;0
2924 NONE 30063;13032 0;0
2925 NONE 30220;12665 0;0
2926 NONE 30246;12601 0;0
2927 NONE 30510;11950 0;0
2928 NONE 30693;11471 0;0
2929 NONE 30854;11029 0;0
2930 NONE 30929;10817 0;0
2931 NONE 31081;10375 0;0
2932 NONE 31037;10505 0;0
2933 NONE 31065;10421 0;0
2934 NONE 31066;10419 0;0
2935 NONE 31069;10408 0;0
2936 NONE 31055;10452 0;0
2937 NONE 31051;10464 0;0
2938 NONE 31055;10452 0;0
2939 NONE 31049;10468 0;0
2940 NONE 31049;10468 0;0
2941 NONE 31044;10484 0;0
2942 NONE 31045;10480 0;0
2943 NONE 31049;10468 0;0
2944 NONE 31038;10501 0;0
2945 NONE 31053;10458 0;0
2946 NONE 31187;10050 0;0
2947 NONE 31836;7753 0;0
2948 NONE 32038;6870 0;0
2949 NONE 32400;4889 0;0
2950 NONE 32720;1753 0;0
2951 NONE 32066;-6740 0;0
2952 NONE 30540;-11871 0;0
2953 NONE 28446;-16262 0;0
2954 NONE 25857;-20125 0;0
2955 NONE 23072;-23266 0;0
2956 NONE 19849;-26070 0;0
2957 NONE 14768;-29250 0;0
2958 NONE 8724;-31584 0;0
2959 NONE 4246;-32490 0;0
2960 NONE 3766;-32549 0;0
2961 NONE 3799;-32545 0;0
2962 NONE 3575;-32571 0;0
2963 NONE -2841;-32643 0;0
2964 NONE -7560;-31882 0;0
2965 NONE -10717;-30964 0;0
2966 NONE -12403;-30328 0;0
2967 NONE -13394;-29904 0;0
2968 NONE -13557;-29830 0;0
2969 NONE -13680;-29774 0;0
2970 NONE -13692;-29768 0;0
2971 NONE -13724;-29754 0;0
2972 NONE -13714;-29758 0;0
2973 NONE -12653;-30225 0;0
2974 NONE -8250;-31711 0;0
2975 NONE -221;-32766 0;0
2976 NONE 16289;-26918 0;0
2977 NONE 22526;-23795 0;0
2978 NONE 25576;-20481 0;0
2979 NONE 25909;-20058 0;0
2980 NONE 26309;-19531 0;0
2981 NONE 28392;-16356 0;0
2982 NONE 30379;-12278 0;0
2983 NONE 31356;-9511 0;0
2984 NONE 31354;-9516 0;0
2985 NONE 31285;-9741 0;0
2986 NONE 30729;-11374 0;0
2987 NONE 29876;-13457 0;0
2988 NONE 29196;-14873 0;0
2989 NONE 27948;-17104 0;0
2990 NONE 23168;-23170 0;0
2991 NONE 16390;-28373 0;0
2992 NONE 8719;-31585 0;0
2993 NONE -1676;-32724 0;0
2994 NONE -2074;-32701 0;0
2995 NONE -2074;-32701 0;0
2996 NONE -3156;-32614 0;0
2997 NONE -3344;-32595 0;0
2998 NONE -3385;-32591 0;0
2999 NONE -3406;-32589 0;0
3000 NONE -3379;-32592 0;0
3001 NONE -3404;-32589 0;0
3002 NONE -3363;-32593 0;0
3003 NONE -3361;-32594 0;0
3004 NONE -3342;-32596 0;0
3005 NONE -3342;-32596 0;0
3006 NONE -3363;-32593 0;0
3007 NONE -3338;-32596 0;0
3008 NONE -3721;-32555 0;0
3009 NONE -3846;-24994 0;0
3010 NONE 156;898 0;0
3022 NONE 1948;1346 0;0
3023 NONE 13172;6460 0;0
3024 NONE 26836;8967 0;0
3025 NONE 31749;8103 0;0
3026 NONE 31737;8148 0;0
3027 NONE 31721;8211 0;0
3028 NONE 31730;8177 0;0
3029 NONE 31739;8139 0;0
3030 NONE 31743;8127 0;0
3031 NONE 31732;8170 0;0
3032 NONE 31755;8076 0;0
3033 NONE 31790;7941 0;0
3034 NONE 31937;7326 0;0
3035 NONE 32002;7036 0;0
3036 NONE 32142;6366 0;0
3037 NONE 32278;5639 0;0
3038 NONE 32271;5677 0;0
3039 NONE 32292;5554 0;0
3040 NONE 32343;5253 0;0
3041 NONE 32382;5005 0;0
3042 NONE 32514;4061 0;0
3043 NONE 32590;3392 0;0
3044 KEY_B 32616;3135 0;0
3045 KEY_B 32651;2751 0;0
3046 KEY_B 32758;762 0;0
3047 KEY_B 32739;-1353 0;0
3048 KEY_B 32700;-2083 0;0
3049 KEY_B 32699;-2099 0;0
3050 KEY_B 32691;-2216 0;0
3051 KEY_B 32693;-2199 0;0
3052 KEY_B 32698;-2115 0;0
3053 KEY_B 32690;-2239 0;0
3054 KEY_B 32698;-2118 0;0
3055 KEY_B 32700;-2080 0;0
3056 NONE 32705;-1998 0;0
3057 NONE 32705;-1999 0;0
3058 NONE 32708;-1961 0;0
3059 NONE 32705;-2002 0;0
3060 NONE 32707;-1981 0;0
3061 NONE 32705;-2001 0;0
3062 NONE 32709;-1944 0;0
3063 NONE 32709;-1942 0;0
3064 NONE 32708;-1962 0;0
3065 NONE 32708;-1962 0;0
3066 NONE 32709;-1945 0;0
3067 NONE 32764;-397 0;0
3068 KEY_ZL 32742;1269 0;0
3069 KEY_ZL 32637;2911 0;0
3070 KEY_ZL;KEY_ZR 32409;4830 0;0
3071 KEY_Y;KEY_ZL;KEY_ZR 32265;5709 0;0
3072 KEY_Y;KEY_ZL;KEY_ZR 32263;5720 0;0
3073 KEY_Y;KEY_ZL;KEY_ZR 32269;5688 0;0
3074 KEY_Y;KEY_ZL;KEY_ZR 32272;5671 0;0
3075 KEY_Y;KEY_ZL;KEY_ZR 32270;5685 0;0
3076 KEY_Y;KEY_ZL;KEY_ZR 32260;5740 0;0
3077 KEY_Y;KEY_ZL;KEY_ZR 32292;5557 0;0
3078 KEY_Y;KEY_ZL;KEY_ZR 32301;5503 0;0
3079 KEY_Y;KEY_ZL;KEY_ZR 32381;5008 0;0
3080 KEY_Y;KEY_ZL;KEY_ZR 32466;4427 0;0
3081 KEY_Y;KEY_ZL;KEY_ZR 32615;3146 0;0
3082 KEY_ZR 32657;2674 0;0
3083 NONE 32752;980 0;0
3084 NONE 32767;18 0;0
3085 NONE 32642;-2855 0;0
3086 NONE 31658;-8450 0;0
3087 NONE 29356;-14555 0;0
3088 NONE 26004;-19936 0;0
3089 NONE 18751;-26871 0;0
3090 NONE 7380;-31924 0;0
3091 NONE -5905;-32230 0;0
3092 NONE -13975;-29637 0;0
3093 NONE -14467;-29399 0;0
3094 NONE -15317;-28966 0;0
3095 NONE -15673;-28775 0;0
3096 NONE -15657;-28783 0;0
3097 NONE -15569;-28831 0;0
3098 NONE -17995;-27353 0;0
3099 NONE -14508;-19873 0;0
3100 NONE -9580;-5790 0;0
3123 NONE 125;593 0;0
3124 NONE 494;6376 0;0
3125 NONE -357;13861 0;0
3126 NONE -1581;18689 0;0
3127 NONE -3941;25921 0;0
3128 NONE -6276;32160 0;0
3129 NONE -6460;32123 0;0
3130 NONE -6414;32132 0;0
3131 NONE -6305;32154 0;0
3132 NONE -6294;32156 0;0
3133 NONE -6305;32154 0;0
3134 NONE -6270;32161 0;0
3135 NONE -6229;32169 0;0
3136 NONE -6216;32171 0;0
3137 NONE -6213;32172 0;0
3138 NONE -6233;32168 0;0
3139 NONE -6199;32175 0;0
3140 NONE -6219;32171 0;0
3141 NONE -6186;32177 0;0
3142 NONE -5894;32232 0;0
3143 NONE -5719;32264 0;0
3144 NONE -5801;32249 0;0
3145 NONE -5719;32264 0;0
3146 NONE -5706;32266 0;0
3147 NONE -5751;32258 0;0
3148 NONE -5733;32261 0;0
3149 NONE -5662;32273 0;0
3150 NONE -5689;32269 0;0
3151 NONE -5706;32266 0;0
3152 NONE -5706;32266 0;0
3153 NONE -5744;32259 0;0
3154 NONE -5721;32263 0;0
3155 NONE -5741;32260 0;0
3156 KEY_B -5741;32260 0;0
3157 KEY_B -5732;32261 0;0
3158 KEY_B -5718;32264 0;0
3159 KEY_B -5680;32270 0;0
3160 KEY_B -5683;32270 0;0
3161 KEY_B -5697;32267 0;0
3162 KEY_B -5706;32266 0;0
3163 KEY_B -5724;32263 0;0
3164 KEY_B -5718;32264 0;0
3165 KEY_B -5730;32262 0;0
3166 KEY_B -5727;32262 0;0
3167 KEY_B -5683;32270 0;0
3168 KEY_B -4427;32466 0;0
3169 KEY_B -3492;32580 0;0
3170 NONE -1048;32750 0;0
3171 NONE -405;32764 0;0
3172 NONE 364;32764 0;0
3173 NONE 1415;32736 0;0
3174 NONE 1587;32728 0;0
3175 NONE 1683;32723 0;0
3176 NONE 1702;32722 0;0
3177 NONE 1683;32723 0;0
3178 NONE 1683;32723 0;0
3179 NONE 1663;32724 0;0
3180 NONE 1624;32726 0;0
3181 NONE 1664;32724 0;0
3182 NONE 1642;32725 0;0
3183 NONE 1663;32724 0;0
3184 NONE 1661;32724 0;0
3185 NONE 1662;32724 0;0
3186 NONE 1661;32724 0;0
3187 NONE 1680;32723 0;0
3188 NONE 1698;32722 0;0
3189 KEY_ZR 1660;32724 0;0
3190 KEY_ZL;KEY_ZR 1626;32726 0;0
3191 KEY_Y;KEY_ZL;KEY_ZR 1534;32731 0;0
3192 KEY_Y;KEY_ZL;KEY_ZR 1560;32729 0;0
3193 KEY_Y;KEY_ZL;KEY_ZR 1593;32728 0;0
3194 KEY_Y;KEY_ZL;KEY_ZR 1593;32728 0;0
3195 KEY_Y;KEY_ZL;KEY_ZR 1611;32727 0;0
3196 KEY_Y;KEY_ZL;KEY_ZR 1589;32728 0;0
3197 KEY_Y;KEY_ZL;KEY_ZR 1592;32728 0;0
3198 KEY_Y;KEY_ZL;KEY_ZR 1591;32728 0;0
3199 KEY_Y;KEY_ZL;KEY_ZR 1571;32729 0;0
3200 KEY_Y;KEY_ZR 1589;32728 0;0
3201 KEY_Y 1573;32729 0;0
3202 NONE 1569;32729 0;0
3203 NONE 1573;32729 0;0
3204 NONE 1589;32728 0;0
3205 NONE 1569;32729 0;0
3206 NONE 1587;32728 0;0
3207 NONE 1570;32729 0;0
3208 NONE 1569;32729 0;0
3209 NONE 1572;32729 0;0
3210 NONE 1570;32729 0;0
3211 NONE 1551;32730 0;0
3212 NONE 1590;32728 0;0
3213 NONE 1553;32730 0;0
3214 NONE 1632;32726 0;0
3215 NONE 1785;26887 0;0
3216 NONE 1708;18996 0;0
3217 NONE 1504;10524 0;0
3218 NONE 720;2180 0;0
3237 NONE 348;100 0;0
3238 NONE 3046;593 0;0
3239 NONE 13477;1318 0;0
3240 NONE 24259;1438 0;0
3241 NONE 32496;1960 0;0
3242 NONE 32719;1765 0;0
3243 NONE 32663;2604 0;0
3244 NONE 32639;2884 0;0
3245 NONE 32621;3083 0;0
3246 NONE 32616;3136 0;0
3247 NONE 32621;3081 0;0
3248 NONE 32617;3122 0;0
3249 NONE 32611;3193 0;0
3250 NONE 32614;3156 0;0
3251 NONE 32616;3138 0;0
3252 NONE 32621;3085 0;0
3253 NONE 32616;3136 0;0
3254 NONE 32655;2694 0;0
3255 NONE 32702;2051 0;0
3256 NONE 32720;1746 0;0
3257 NONE 32728;1583 0;0
3258 NONE 32731;1530 0;0
3259 NONE 32740;1313 0;0
3260 NONE 32733;1491 0;0
3261 NONE 32726;1619 0;0
3262 NONE 32723;1690 0;0
3263 NONE 32719;1764 0;0
3264 NONE 32726;1619 0;0
3265 NONE 32721;1730 0;0
3266 KEY_ZL 32688;2267 0;0
3267 KEY_ZL 32582;3473 0;0
3268 KEY_ZL 32444;4584 0;0
3269 KEY_ZL 32388;4965 0;0
3270 KEY_B;KEY_ZL 32396;4916 0;0
3271 KEY_B;KEY_ZL 32385;4983 0;0
3272 KEY_B;KEY_ZL 32340;5266 0;0
3273 KEY_B;KEY_ZL 31929;7359 0;0
3274 KEY_B;KEY_ZL 31818;7826 0;0
3275 KEY_B;KEY_ZL 31804;7884 0;0
3276 KEY_ZL 31795;7917 0;0
3277 KEY_ZL 31807;7872 0;0
3278 NONE 31804;7884 0;0
3279 NONE 31815;7839 0;0
3280 NONE 31805;7881 0;0
3281 NONE 31726;8191 0;0
3282 NONE 31414;9316 0;0
3283 NONE 31214;9967 0;0
3284 NONE 31100;10317 0;0
3285 NONE 31192;10034 0;0
3286 NONE 31169;10106 0;0
3287 NONE 31170;10101 0;0
3288 NONE 31588;8709 0;0
3289 NONE 32199;6072 0;0
3290 NONE 32558;-3692 0;0
3291 NONE 31524;-8937 0;0
3292 NONE 29923;-13352 0;0
3293 NONE 28477;-16208 0;0
3294 NONE 10051;-15010 0;0
3295 NONE -6730;-14176 0;0
3296 NONE -15392;-18398 0;0
3297 NONE -21530;-20513 0;0
3298 NONE -27713;-17481 0;0
3299 NONE -28585;-16016 0;0
3300 NONE -29871;-13467 0;0
3301 NONE -30871;-10982 0;0
3302 NONE -32160;-6277 0;0
3303 NONE -32765;284 0;0
3304 NONE -31603;8655 0;0
3305 NONE -29073;15113 0;0
3306 NONE -27261;18178 0;0
3307 NONE -15053;18589 0;0
3308 NONE -9434;20394 0;0
3309 NONE -9081;22389 0;0
3310 NONE -7928;24431 0;0
3311 NONE -3157;27913 0;0
3312 NONE 1729;30810 0;0
3313 NONE 7230;30872 0;0
3314 NONE 16078;28551 0;0
3315 NONE 24130;22167 0;0
3316 NONE 26304;19537 0;0
3317 NONE 27158;18332 0;0
3318 NONE 27618;17632 0;0
3319 NONE 28364;16405 0;0
3320 NONE 29979;13226 0;0
3321 NONE 30721;11395 0;0
3322 NONE 31348;9535 0;0
3323 NONE 31776;7996 0;0
3324 NONE 31874;7594 0;0
3325 NONE 31921;7396 0;0
3326 NONE 31924;7383 0;0
3327 NONE 31935;7336 0;0
3328 KEY_B 31966;7200 0;0
3329 KEY_B 32319;5396 0;0
3330 KEY_B 32347;5226 0;0
3331 NONE 32342;5258 0;0
3332 NONE 32347;5223 0;0
3333 NONE 32358;5159 0;0
3334 NONE 32351;5203 0;0
3335 NONE 32569;3590 0;0
3336 NONE 32621;3086 0;0
3337 NONE 32627;3015 0;0
3338 NONE 32669;2521 0;0
3339 NONE 32715;1834 0;0
3340 NONE 32725;1647 0;0
3341 NONE 32730;1553 0;0
3342 NONE 32727;1609 0;0
3343 NONE 32728;1590 0;0
3344 NONE 32729;1571 0;0
3345 NONE 32729;1571 0;0
3346 NONE 32727;1607 0;0
3347 NONE 32728;1590 0;0
3348 NONE 32728;1591 0;0
3349 NONE 32727;1609 0;0
3350 NONE 32727;1610 0;0
3351 NONE 32728;1591 0;0
3352 NONE 32729;1573 0;0
3353 NONE 32729;1575 0;0
3354 NONE 32729;1574 0;0
3355 NONE 32728;1593 0;0
3356 NONE 32727;1609 0;0
3357 NONE 32728;1591 0;0
3358 NONE 32727;1609 0;0
3359 NONE 32728;1590 0;0
3360 NONE 32726;1630 0;0
3361 NONE 32727;1610 0;0
3362 NONE 32729;1572 0;0
3363 NONE 32728;1592 0;0
3364 NONE 32728;1592 0;0
3365 NONE 32728;1592 0;0
3366 NONE 32730;1555 0;0
3367 NONE 32725;1647 0;0
3368 NONE 32706;1987 0;0
3369 NONE 32657;2673 0;0
3370 NONE 32645;2814 0;0
3371 NONE 32642;2850 0;0
3372 NONE 32639;2886 0;0
3373 NONE 32644;2832 0;0
3374 NONE 32642;2850 0;0
3375 NONE 32641;2868 0;0
3376 NONE 32644;2834 0;0
3377 NONE 32650;2764 0;0
3378 NONE 32659;2655 0;0
3379 NONE 32653;2726 0;0
3380 NONE 32651;2746 0;0
3381 NONE 32647;2800 0;0
3382 NONE 32647;2798 0;0
3383 NONE 32648;2780 0;0
3384 NONE 32648;2782 0;0
3385 NONE 32650;2764 0;0
3386 NONE 32647;2800 0;0
3387 NONE 32654;2710 0;0
3388 NONE 32648;2782 0;0
3389 NONE 32650;2764 0;0
3390 NONE 32651;2749 0;0
3391 NONE 32659;2655 0;0
3392 NONE 32654;2712 0;0
3393 NONE 32657;2676 0;0
3394 NONE 32647;2796 0;0
3395 NONE 28382;3048 0;0
3396 NONE 18196;2819 0;0
3397 NONE 7408;2226 0;0
3398 NONE 3556;1719 0;0
3399 NONE 3450;1657 0;0
3400 NONE 2685;1494 0;0
3401 NONE 91;113 0;0
3416 NONE 885;329 0;0
3417 NONE 4067;943 0;0
3418 NONE 12016;1403 0;0
3419 NONE 21299;1587 0;0
3420 NONE 28181;745 0;0
3421 NONE 31878;-1152 0;0
3422 NONE 32663;-2607 0;0
3423 NONE 32619;-3100 0;0
3424 NONE 32616;-3139 0;0
3425 NONE 32625;-3045 0;0
3426 NONE 32546;-3796 0;0
3427 NONE 32518;-4028 0;0
3428 NONE 32491;-4239 0;0
3429 NONE 32496;-4202 0;0
3430 NONE 32427;-4705 0;0
3431 NONE 32406;-4849 0;0
3432 NONE 32364;-5118 0;0
3433 NONE 32365;-5115 0;0
3434 NONE 32371;-5074 0;0
3435 NONE 32371;-5077 0;0
3436 NONE 32368;-5096 0;0
3437 NONE 32355;-5179 0;0
3438 NONE 32352;-5195 0;0
3439 NONE 32355;-5179 0;0
3440 NONE 32367;-5102 0;0
3441 NONE 32370;-5083 0;0
3442 NONE 32364;-5118 0;0
3443 NONE 32370;-5080 0;0
3444 NONE 32364;-5121 0;0
3445 NONE 32369;-5088 0;0
3446 NONE 32461;-4462 0;0
3447 NONE 32616;-3136 0;0
3448 NONE 32720;-1748 0;0
3449 NONE 32766;-238 0;0
3450 NONE 32755;851 0;0
3451 NONE 32754;921 0;0
3452 NONE 32752;974 0;0
3453 NONE 32752;958 0;0
3454 NONE 32753;924 0;0
3455 NONE 32763;471 0;0
3456 NONE 32745;-1192 0;0
3457 NONE 32709;-1945 0;0
3458 NONE 32700;-2083 0;0
3459 NONE 32704;-2024 0;0
3460 NONE 32706;-1985 0;0
3461 NONE 32714;-1846 0;0
3462 NONE 32712;-1885 0;0
3463 NONE 32713;-1869 0;0
3464 NONE 32700;-2088 0;0
3465 NONE 32704;-2027 0;0
3466 NONE 32669;-2525 0;0
3467 NONE 32674;-2461 0;0
3468 NONE 32683;-2344 0;0
3469 NONE 32689;-2245 0;0
3470 NONE 32691;-2229 0;0
3471 NONE 32679;-2388 0;0
3472 NONE 32669;-2522 0;0
3473 NONE 32657;-2681 0;0
3474 NONE 32647;-2801 0;0
3475 NONE 32650;-2759 0;0
3476 NONE 32652;-2734 0;0
3477 NONE 32660;-2634 0;0
3478 NONE 32670;-2516 0;0
3479 KEY_B 32764;-436 0;0
3480 KEY_B 32763;-496 0;0
3481 KEY_B 32766;-159 0;0
3482 KEY_B 32738;1358 0;0
3483 KEY_B 32639;2888 0;0
3484 KEY_B 32408;4830 0;0
3485 KEY_B;KEY_ZL 31859;7656 0;0
3486 KEY_B;KEY_ZL 30961;10725 0;0
3487 KEY_ZL;KEY_ZR 29024;15206 0;0
3488 KEY_ZL;KEY_ZR 25510;20564 0;0
3489 KEY_Y;KEY_ZL;KEY_ZR 23698;22628 0;0
3490 KEY_Y;KEY_ZL;KEY_ZR 22046;24241 0;0
3491 KEY_Y;KEY_ZL;KEY_ZR 17140;27926 0;0
3492 KEY_Y;KEY_ZL;KEY_ZR 10842;30921 0;0
3493 KEY_Y;KEY_ZL;KEY_ZR 4649;32435 0;0
3494 KEY_Y;KEY_ZL;KEY_ZR -10921;29718 0;0
3495 KEY_Y;KEY_ZR -26974;18602 0;0
3496 KEY_Y;KEY_ZR -31199;10012 0;0
3497 KEY_Y;KEY_ZR -31374;-9449 0;0
3498 KEY_Y -26329;-19504 0;0
3499 NONE -21506;-24721 0;0
3500 NONE -8650;-31604 0;0
3501 NONE 1704;-32722 0;0
3502 NONE 13823;-29708 0;0
3503 NONE 22892;-23444 0;0
3504 NONE 27229;-18227 0;0
3505 NONE 31136;-10208 0;0
3506 NONE 31794;7923 0;0
3507 NONE 28980;15290 0;0
3508 NONE 22536;23786 0;0
3509 NONE 7224;31960 0;0
3510 NONE -3193;32610 0;0
3511 NONE -11408;30716 0;0
3512 NONE -28518;16135 0;0
3513 NONE -32683;-2331 0;0
3514 NONE -29514;-14232 0;0
3515 NONE -23957;-22353 0;0
3516 NONE -18055;-27343 0;0
3517 NONE -6306;-32154 0;0
3518 NONE 17709;-27569 0;0
3519 NONE 24868;-21335 0;0
3520 NONE 28815;-15599 0;0
3521 NONE 32230;-5904 0;0
3522 NONE 31673;8395 0;0
3523 NONE 28214;16661 0;0
3524 NONE 13383;29909 0;0
3525 NONE 4016;32519 0;0
3526 NONE -4749;32420 0;0
3527 NONE -12411;30325 0;0
3528 NONE -21228;24960 0;0
3529 NONE -22413;15841 0;0
3530 NONE -17853;4981 0;0
3531 NONE -7845;-6187 0;0
3532 NONE 0;-5667 0;0
3533 NONE 198;-5749 0;0
3534 NONE 2053;-5994 0;0
3535 NONE 4114;-6307 0;0
3536 NONE 6867;-6877 0;0
3537 NONE 7046;-6300 0;0
3538 NONE 6806;-4947 0;0
3539 NONE 7067;-4860 0;0
3540 NONE 7033;-4700 0;0
3541 NONE 7204;-5515 0;0
3542 NONE 8318;-8195 0;0
3543 KEY_B 11757;-11965 0;0
3544 KEY_B 15769;-18007 0;0
3545 KEY_B 19667;-26208 0;0
3546 KEY_B 18746;-26874 0;0
3547 KEY_B 16647;-28223 0;0
3548 KEY_B 13097;-30035 0;0
3549 KEY_B;KEY_ZL 10679;-30977 0;0
3550 KEY_B;KEY_ZL 9799;-31267 0;0
3551 KEY_B;KEY_ZL 9382;-31394 0;0
3552 KEY_B;KEY_ZL 8663;-31600 0;0
3553 KEY_ZL 7102;-31987 0;0
3554 KEY_ZL 5189;-32353 0;0
3555 KEY_ZL 5131;-32362 0;0
3556 KEY_ZL 5109;-32366 0;0
3557 KEY_ZL 5146;-32360 0;0
3558 KEY_ZL 5186;-32353 0;0
3559 KEY_ZL 5204;-32350 0;0
3560 NONE 5201;-32351 0;0
3561 NONE 5106;-32366 0;0
3562 NONE 4922;-32395 0;0
3563 NONE 4032;-32517 0;0
3564 NONE 3916;-32532 0;0
3565 NONE 3663;-32561 0;0
3566 NONE 3540;-32575 0;0
3567 NONE 3556;-32573 0;0
3568 NONE 3521;-32577 0;0
3569 NONE 3614;-32567 0;0
3570 NONE 3800;-32545 0;0
3571 NONE 3725;-32554 0;0
3572 NONE 3670;-32560 0;0
3573 NONE 3676;-32560 0;0
3574 NONE 3525;-32576 0;0
3575 NONE 1666;-32724 0;0
3576 NONE 1988;-32706 0;0
3577 NONE 1895;-32712 0;0
3578 NONE 2067;-32701 0;0
3579 NONE 2079;-32700 0;0
3580 NONE 2027;-32704 0;0
3581 NONE 2041;-32703 0;0
3582 NONE 2022;-32704 0;0
3583 NONE 1985;-32706 0;0
3584 NONE 2003;-32705 0;0
3585 NONE 2001;-32705 0;0
3586 NONE 2035;-32703 0;0
3587 NONE 2040;-32703 0;0
3588 NONE 2076;-32701 0;0
3589 NONE 2058;-32702 0;0
3590 NONE 2095;-32699 0;0
3591 NONE 2095;-32699 0;0
3592 NONE 2096;-32699 0;0
3593 NONE 2093;-32700 0;0
3594 NONE 2076;-32701 0;0
3595 NONE 2094;-32700 0;0
3596 NONE 2095;-32699 0;0
3597 NONE 2115;-32698 0;0
3598 NONE 2056;-32702 0;0
3599 NONE 1981;-32707 0;0
3600 KEY_ZL 2453;-32674 0;0
3601 KEY_B;KEY_ZL 3293;-32601 0;0
3602 KEY_B;KEY_ZL 3071;-32622 0;0
3603 KEY_B;KEY_ZL 2360;-32681 0;0
3604 KEY_B;KEY_ZL -798;-32757 0;0
3605 KEY_B;KEY_ZL -4508;-32455 0;0
3606 KEY_B;KEY_ZL -5056;-32374 0;0
3607 KEY_B;KEY_ZL -4998;-32383 0;0
3608 KEY_B;KEY_ZL -5019;-32380 0;0
3609 KEY_B;KEY_ZL -4972;-32387 0;0
3610 KEY_B;KEY_ZL -4181;-32499 0;0
3611 KEY_ZL -3216;-32608 0;0
3612 KEY_ZL -2531;-32669 0;0
3613 NONE -1779;-32718 0;0
3614 NONE -42;-32766 0;0
3615 NONE 226;-32766 0;0
3616 NONE 226;-32766 0;0
3617 NONE -292;-32765 0;0
3618 NONE -4630;-32438 0;0
3619 NONE -7624;-31867 0;0
3620 NONE -9846;-31252 0;0
3621 NONE -10990;-30868 0;0
3622 NONE -11310;-30753 0;0
3623 NONE -11198;-30793 0;0
3624 NONE -11503;-30681 0;0
3625 NONE -14282;-29490 0;0
3626 NONE -15072;-29094 0;0
3627 NONE -15031;-29115 0;0
3628 NONE -15080;-29090 0;0
3629 NONE -15186;-29035 0;0
3630 NONE -15146;-29056 0;0
3631 NONE -15170;-29043 0;0
3632 NONE -15762;-28726 0;0
3633 NONE -18043;-27351 0;0
3634 NONE -18612;-26967 0;0
3635 NONE -18690;-26913 0;0
3636 NONE -18736;-26881 0;0
3637 NONE -18684;-26917 0;0
3638 NONE -18693;-26911 0;0
3639 NONE -18621;-26961 0;0
3640 NONE -17399;-27765 0;0
3641 NONE -10512;-22243 0;0
3642 NONE -2960;-12707 0;0
3658 NONE -9;-618 0;0
3659 NONE -81;-6638 0;0
3660 NONE -222;-12019 0;0
3661 NONE -417;-16574 0;0
3662 NONE -394;-21341 0;0
3663 NONE -600;-26162 0;0
3664 NONE -494;-31968 0;0
3665 NONE -504;-32763 0;0
3666 KEY_B -524;-32762 0;0
3667 KEY_B -546;-32762 0;0
3668 KEY_B -189;-32766 0;0
3669 KEY_B 113;-32766 0;0
3670 KEY_B 151;-32766 0;0
3671 KEY_B 189;-32766 0;0
3672 KEY_B 208;-32766 0;0
3673 KEY_B 170;-32766 0;0
3674 NONE 170;-32766 0;0
3675 NONE 170;-32766 0;0
3676 NONE 1586;-32728 0;0
3677 NONE 5614;-32282 0;0
3678 NONE 11113;-30824 0;0
3679 NONE 17643;-27611 0;0
3680 NONE 25812;-20183 0;0
3681 NONE 30506;-11959 0;0
3682 NONE 32319;5396 0;0
3683 NONE 25773;20233 0;0
3684 NONE 12575;30257 0;0
3685 NONE 6623;32090 0;0
3686 NONE -275;32765 0;0
3687 NONE -7076;31993 0;0
3688 NONE -16678;28204 0;0
3689 NONE -30585;11756 0;0
3690 NONE -32691;2228 0;0
3691 NONE -28229;-16636 0;0
3692 NONE -22642;-23685 0;0
3693 NONE -17153;-27918 0;0
3694 NONE -7434;-31912 0;0
3695 NONE 10214;-31134 0;0
3696 NONE 21308;-24892 0;0
3697 NONE 26929;-18666 0;0
3698 NONE 32236;-5872 0;0
3699 NONE 31352;9524 0;0
3700 NONE 27699;17505 0;0
3701 NONE 17857;27473 0;0
3702 NONE 9226;31441 0;0
3703 NONE 4394;32471 0;0
3704 NONE -9640;31316 0;0
3705 NONE -19267;25785 0;0
3706 NONE -28922;15400 0;0
3707 NONE -31460;-1817 0;0
3708 NONE -28716;-15780 0;0
3709 KEY_B -25996;-19947 0;0
3710 KEY_B -18157;-25486 0;0
3711 KEY_B -5890;-27074 0;0
3712 KEY_B;KEY_ZL -3888;-26799 0;0
3713 KEY_B;KEY_ZL -65;-16333 0;0
3714 KEY_B;KEY_ZL 0;0 0;0
3715 KEY_B;KEY_ZL 0;0 0;0
3716 KEY_ZL 0;0 0;0
3717 KEY_ZL 0;0 0;0
3718 KEY_ZL 0;0 0;0
3719 KEY_ZL 0;0 0;0
3720 KEY_ZL 0;0 0;0
3721 KEY_ZL 0;0 0;0
3722 KEY_ZL 0;0 0;0
3723 KEY_ZL 0;0 0;0
