70 KEY_L;KEY_R;KEY_ZR 0;0 0;0
71 KEY_L;KEY_R;KEY_ZR 0;0 0;0
72 KEY_L;KEY_R;KEY_ZR 0;0 0;0
73 KEY_L;KEY_R;KEY_ZR 0;0 0;0
74 KEY_L;KEY_R;KEY_ZR 0;0 0;0
75 KEY_L;KEY_R;KEY_ZR 0;0 0;0
76 KEY_R;KEY_ZR 0;0 0;0
77 KEY_R;KEY_ZR 0;0 0;0
78 KEY_R;KEY_ZR 0;0 0;0
79 KEY_R;KEY_ZR 0;0 0;0
80 KEY_R;KEY_ZR 0;0 0;0
81 KEY_R;KEY_ZR 0;0 0;0
82 KEY_R 0;0 0;0
174 NONE -921;237 0;0
175 NONE -22020;-1891 0;0
176 NONE -32474;-4369 0;0
177 NONE -32470;-4399 0;0
178 NONE -32468;-4410 0;0
179 NONE -32476;-4356 0;0
180 NONE -32645;-2814 0;0
181 NONE -32717;-1802 0;0
182 NONE -32719;-1770 0;0
183 NONE -32719;-1770 0;0
184 NONE -32719;-1770 0;0
185 NONE -32717;-1799 0;0
186 NONE -32717;-1797 0;0
187 NONE -32717;-1797 0;0
188 NONE -32719;-1767 0;0
189 NONE -32719;-1765 0;0
190 NONE -32717;-1792 0;0
191 NONE -32718;-1791 0;0
192 KEY_B -32722;1703 0;0
193 KEY_B -31340;9562 0;0
194 KEY_B -28409;16327 0;0
195 KEY_B -22769;23563 0;0
196 KEY_B -19876;26050 0;0
197 KEY_B -15927;28635 0;0
198 NONE -12951;30098 0;0
199 NONE -8431;31663 0;0
200 NONE -5364;32324 0;0
201 NONE -4189;32498 0;0
202 NONE -2945;32634 0;0
203 NONE -2354;32682 0;0
204 NONE -2041;32703 0;0
205 NONE -2041;32703 0;0
206 NONE -2013;32705 0;0
207 NONE -2011;32705 0;0
208 NONE -2009;32705 0;0
209 NONE -1531;32731 0;0
210 NONE -820;32756 0;0
211 NONE -763;32758 0;0
212 NONE -790;32757 0;0
213 NONE -761;32758 0;0
214 NONE -788;32757 0;0
215 NONE -1407;32736 0;0
216 NONE -3474;32582 0;0
217 NONE -3916;32532 0;0
218 NONE -3967;32525 0;0
219 NONE -3971;32525 0;0
220 NONE -4054;32515 0;0
221 NONE -4462;32461 0;0
222 NONE -4821;32410 0;0
223 NONE -5288;32337 0;0
224 NONE -5580;32288 0;0
225 NONE -5715;32264 0;0
226 NONE -5822;32245 0;0
227 NONE -5827;32244 0;0
228 NONE -5822;32245 0;0
229 NONE -5876;32235 0;0
230 NONE -5871;32236 0;0
231 NONE -5876;32235 0;0
232 NONE -5666;32273 0;0
233 NONE -3999;32522 0;0
234 NONE -2581;32665 0;0
235 NONE -983;32752 0;0
236 NONE -873;32755 0;0
237 NONE -873;32755 0;0
238 NONE -816;32756 0;0
239 NONE -787;32757 0;0
240 NONE -816;32756 0;0
241 NONE 186;32766 0;0
242 NONE 1333;32739 0;0
243 NONE 1891;32712 0;0
244 NONE 2048;32702 0;0
245 NONE 2077;32701 0;0
246 NONE 2077;32701 0;0
247 NONE 1599;32727 0;0
248 NONE 586;32761 0;0
249 NONE -168;32766 0;0
250 NONE -450;32763 0;0
251 NONE -506;32763 0;0
252 NONE -422;32764 0;0
253 NONE -477;32763 0;0
254 NONE -449;32763 0;0
255 NONE -449;32763 0;0
256 NONE -450;32763 0;0
257 NONE -422;32764 0;0
258 NONE -421;32764 0;0
259 NONE -421;32764 0;0
260 NONE -421;32764 0;0
261 NONE -365;32764 0;0
262 NONE -337;32765 0;0
263 NONE -365;32764 0;0
264 NONE -365;32764 0;0
265 NONE -478;32763 0;0
266 NONE -759;32758 0;0
267 NONE -814;32756 0;0
268 NONE -873;32755 0;0
269 NONE -928;32753 0;0
270 NONE -1095;32748 0;0
271 NONE -2802;32646 0;0
272 NONE -3605;32567 0;0
273 NONE -3857;32539 0;0
274 NONE -4019;32519 0;0
275 NONE -4077;32512 0;0
276 NONE -4152;32502 0;0
277 NONE -4676;32431 0;0
278 NONE -5161;32358 0;0
279 NONE -5763;32256 0;0
280 NONE -6690;32076 0;0
281 NONE -7267;31950 0;0
282 NONE -7991;31777 0;0
283 NONE -8552;31631 0;0
284 NONE -9755;31281 0;0
285 NONE -11883;30536 0;0
286 NONE -14040;29606 0;0
287 NONE -15654;28785 0;0
288 NONE -17773;27527 0;0
289 NONE -19140;26595 0;0
290 NONE -19719;26169 0;0
291 NONE -20699;25401 0;0
292 NONE -21298;24901 0;0
293 NONE -21622;24619 0;0
294 NONE -23298;23039 0;0
295 NONE -25640;20401 0;0
296 NONE -28104;16847 0;0
297 NONE -28796;15634 0;0
298 NONE -30243;12609 0;0
299 NONE -30961;10727 0;0
300 NONE -31294;9712 0;0
301 NONE -32201;6063 0;0
302 NONE -32561;3664 0;0
303 NONE -32632;2970 0;0
304 NONE -32628;3008 0;0
305 NONE -32631;2981 0;0
306 NONE -32631;2979 0;0
307 NONE -32631;2976 0;0
308 NONE -32717;1808 0;0
309 NONE -32757;768 0;0
310 NONE -32752;-962 0;0
311 NONE -32745;-1175 0;0
312 NONE -32742;-1255 0;0
313 NONE -32742;-1255 0;0
314 NONE -32743;-1230 0;0
315 NONE -32742;-1256 0;0
316 NONE -32741;-1282 0;0
317 NONE -32742;-1256 0;0
318 NONE -32741;-1283 0;0
319 KEY_B -32741;-1283 0;0
320 KEY_B -32741;-1283 0;0
321 KEY_B -32742;-1256 0;0
322 KEY_B -32742;-1255 0;0
323 KEY_B -32744;-1202 0;0
324 KEY_B -32742;-1255 0;0
325 NONE -32741;-1282 0;0
326 NONE -32743;-1230 0;0
327 NONE -32742;-1256 0;0
328 NONE -32742;-1256 0;0
329 NONE -32744;-1227 0;0
330 NONE -32742;-1255 0;0
331 NONE -32742;-1256 0;0
332 NONE -32743;-1228 0;0
333 NONE -32743;-1228 0;0
334 NONE -32742;-1280 0;0
335 NONE -32744;-1223 0;0
336 KEY_ZL -32741;-1299 0;0
337 KEY_ZL -32744;-1218 0;0
338 KEY_ZL -32744;-1217 0;0
339 KEY_ZL -32744;-1218 0;0
340 KEY_ZL -32745;-1191 0;0
341 KEY_Y;KEY_ZL -32743;-1243 0;0
342 KEY_Y;KEY_ZL -32744;-1217 0;0
343 KEY_Y;KEY_ZL -32745;-1189 0;0
344 KEY_Y;KEY_ZL -32744;-1217 0;0
345 KEY_Y -32745;-1190 0;0
346 KEY_Y -32743;-1243 0;0
347 KEY_Y -32744;-1218 0;0
348 KEY_Y -32744;-1217 0;0
349 KEY_Y -32744;-1219 0;0
350 NONE -32743;-1243 0;0
351 NONE -32745;-1190 0;0
352 NONE -32744;-1219 0;0
353 NONE -32744;-1218 0;0
354 NONE -32743;-1245 0;0
355 NONE -32744;-1217 0;0
356 NONE -32744;-1218 0;0
357 NONE -32744;-1218 0;0
358 NONE -32741;-1296 0;0
359 NONE -32743;-1244 0;0
360 NONE -32729;-1560 0;0
361 NONE -32719;-1771 0;0
362 NONE -32720;-1746 0;0
363 NONE -32720;-1746 0;0
364 NONE -32717;-1797 0;0
365 NONE -32719;-1772 0;0
366 NONE -32717;-1799 0;0
367 NONE -32718;-1774 0;0
368 NONE -32720;-1745 0;0
369 NONE -32720;-1746 0;0
370 NONE -32719;-1770 0;0
371 NONE -32720;-1745 0;0
372 NONE -32717;-1797 0;0
373 NONE -32720;-1745 0;0
374 NONE -32721;-1720 0;0
375 NONE -32719;-1771 0;0
376 NONE -32719;-1771 0;0
377 KEY_B -32721;-1720 0;0
378 KEY_B -32719;-1772 0;0
379 KEY_B -32720;-1747 0;0
380 KEY_B -32720;-1745 0;0
381 KEY_B -32720;-1745 0;0
382 KEY_B -32720;-1746 0;0
383 KEY_B -32721;-1720 0;0
384 KEY_B -32719;-1772 0;0
385 NONE -32720;-1746 0;0
386 NONE -32721;-1720 0;0
387 NONE -32721;-1718 0;0
388 NONE -32719;-1772 0;0
389 NONE -32719;-1771 0;0
390 NONE -32720;-1746 0;0
391 NONE -32719;-1771 0;0
392 NONE -32721;-1720 0;0
393 NONE -32720;-1746 0;0
394 NONE -32720;-1745 0;0
395 NONE -32720;-1745 0;0
396 NONE -32720;-1746 0;0
397 NONE -32720;-1745 0;0
398 NONE -32721;-1718 0;0
399 NONE -32721;-1718 0;0
400 NONE -32721;-1720 0;0
401 NONE -32720;-1746 0;0
402 NONE -32721;-1720 0;0
403 NONE -32720;-1745 0;0
404 NONE -32720;-1747 0;0
405 NONE -32720;-1745 0;0
406 NONE -32720;-1746 0;0
407 NONE -32720;-1746 0;0
408 NONE -32718;-1774 0;0
409 NONE -32721;-1718 0;0
410 NONE -32721;-1720 0;0
411 NONE -32720;-1745 0;0
412 NONE -32721;-1718 0;0
413 NONE -32721;-1718 0;0
414 NONE -32720;-1745 0;0
415 NONE -32719;-1770 0;0
416 NONE -32721;-1718 0;0
417 NONE -32721;-1720 0;0
418 NONE -32720;-1746 0;0
419 NONE -32721;-1720 0;0
420 NONE -32720;-1747 0;0
421 NONE -32720;-1747 0;0
422 NONE -32720;-1737 0;0
423 NONE -26403;-2040 0;0
450 NONE -1262;288 0;0
451 NONE -15208;1344 0;0
452 NONE -28087;1631 0;0
453 NONE -32728;1587 0;0
454 NONE -32727;1601 0;0
455 NONE -32728;1588 0;0
456 NONE -32730;1553 0;0
457 NONE -32730;1545 0;0
458 NONE -32730;1550 0;0
459 KEY_B -32732;1500 0;0
460 KEY_B -32734;1467 0;0
461 KEY_B -32734;1469 0;0
462 KEY_B -32731;1527 0;0
463 KEY_B -32696;2154 0;0
464 KEY_B -32656;2689 0;0
465 KEY_B -32605;3252 0;0
466 KEY_B -32559;3685 0;0
467 KEY_B -32552;3744 0;0
468 KEY_B -32550;3758 0;0
469 KEY_B -32553;3730 0;0
470 KEY_B -32552;3741 0;0
471 KEY_B -32561;3664 0;0
472 NONE -32568;3603 0;0
473 NONE -32566;3619 0;0
474 NONE -32573;3559 0;0
475 NONE -32570;3580 0;0
476 NONE -32570;3586 0;0
477 NONE -32570;3586 0;0
478 NONE -32567;3611 0;0
479 NONE -32567;3614 0;0
480 NONE -32570;3583 0;0
481 NONE -32573;3556 0;0
482 NONE -32570;3583 0;0
483 NONE -32570;3580 0;0
484 NONE -32568;3605 0;0
485 NONE -32574;3547 0;0
486 NONE -32577;3517 0;0
487 NONE -32589;3402 0;0
488 NONE -32632;2961 0;0
489 NONE -32665;2574 0;0
490 NONE -32668;2543 0;0
491 NONE -32668;2545 0;0
492 NONE -32668;2543 0;0
493 NONE -32670;2507 0;0
494 NONE -32666;2558 0;0
495 NONE -32669;2527 0;0
496 NONE -32669;2523 0;0
497 NONE -32669;2523 0;0
498 NONE -32667;2552 0;0
499 NONE -32719;1758 0;0
500 NONE -32759;715 0;0
501 NONE -32762;-536 0;0
502 NONE -32722;-1711 0;0
503 NONE -32674;-2459 0;0
504 NONE -32572;-3568 0;0
505 NONE -32413;-4797 0;0
506 NONE -32235;-5877 0;0
507 NONE -32182;-6162 0;0
508 NONE -32163;-6259 0;0
509 NONE -32167;-6238 0;0
510 NONE -32153;-6309 0;0
511 NONE -32138;-6385 0;0
512 NONE -32143;-6360 0;0
513 NONE -32137;-6390 0;0
514 NONE -32143;-6360 0;0
515 NONE -32147;-6340 0;0
516 NONE -32148;-6335 0;0
517 NONE -32137;-6390 0;0
518 NONE -32147;-6340 0;0
519 NONE -32136;-6395 0;0
520 KEY_B -32142;-6365 0;0
521 KEY_B -32143;-6360 0;0
522 KEY_B -32139;-6380 0;0
523 KEY_B -32143;-6360 0;0
524 KEY_B -32147;-6340 0;0
525 KEY_B -32143;-6360 0;0
526 KEY_B -32132;-6415 0;0
527 NONE -32147;-6340 0;0
528 NONE -32138;-6385 0;0
529 NONE -32142;-6365 0;0
530 NONE -32148;-6335 0;0
531 NONE -32137;-6390 0;0
532 NONE -32137;-6390 0;0
533 NONE -32149;-6330 0;0
534 NONE -32139;-6380 0;0
535 NONE -32159;-6279 0;0
536 KEY_ZL -32520;-4015 0;0
537 KEY_ZL -32586;-3434 0;0
538 KEY_ZL -32584;-3455 0;0
539 KEY_ZL -32584;-3455 0;0
540 KEY_ZL -32586;-3431 0;0
541 KEY_ZL -32587;-3429 0;0
542 KEY_Y;KEY_ZL -32586;-3431 0;0
543 KEY_Y;KEY_ZL -32587;-3426 0;0
544 KEY_Y;KEY_ZL -32589;-3402 0;0
545 KEY_Y;KEY_ZL -32587;-3429 0;0
546 KEY_Y -32587;-3426 0;0
547 KEY_Y -32587;-3429 0;0
548 KEY_Y -32587;-3429 0;0
549 NONE -32587;-3429 0;0
550 NONE -32586;-3431 0;0
551 NONE -32578;-3508 0;0
552 NONE -32558;-3694 0;0
553 NONE -32467;-4422 0;0
554 NONE -32159;-6279 0;0
555 NONE -31852;-7687 0;0
556 NONE -30970;-10702 0;0
557 NONE -29909;-13381 0;0
558 NONE -28699;-15811 0;0
559 NONE -24645;-21593 0;0
560 NONE -23169;-23169 0;0
561 NONE -17587;-27647 0;0
562 NONE -689;-32759 0;0
563 NONE 0;-32767 0;0
564 NONE 1114;-32748 0;0
565 NONE 1168;-32746 0;0
566 NONE 1170;-32746 0;0
567 NONE 1169;-32746 0;0
568 NONE 867;-32755 0;0
569 NONE 840;-32756 0;0
570 NONE 812;-32756 0;0
571 NONE 649;-32760 0;0
572 NONE 162;-32766 0;0
573 NONE -512;-32763 0;0
574 NONE -682;-32759 0;0
575 NONE -626;-32761 0;0
576 NONE -624;-32761 0;0
577 NONE -624;-32761 0;0
578 NONE -654;-32760 0;0
579 NONE -625;-32761 0;0
580 NONE -625;-32761 0;0
581 NONE -597;-32761 0;0
582 NONE -568;-32762 0;0
583 NONE -568;-32762 0;0
584 NONE -569;-32762 0;0
585 NONE -568;-32762 0;0
586 NONE -596;-32761 0;0
587 NONE -597;-32761 0;0
588 NONE -568;-32762 0;0
589 NONE -568;-32762 0;0
590 NONE -597;-32761 0;0
591 NONE -596;-32761 0;0
592 NONE -568;-32762 0;0
593 NONE -596;-32761 0;0
594 NONE -596;-32761 0;0
595 NONE -569;-32762 0;0
596 NONE -596;-32761 0;0
597 NONE -597;-32761 0;0
598 NONE -596;-32761 0;0
599 NONE -597;-32761 0;0
600 NONE -597;-32761 0;0
601 NONE -568;-32762 0;0
602 NONE -597;-32761 0;0
603 NONE -568;-32762 0;0
604 NONE -596;-32761 0;0
605 NONE -598;-32761 0;0
606 NONE -568;-32762 0;0
607 NONE -597;-32761 0;0
608 NONE -626;-32761 0;0
609 NONE -597;-32761 0;0
610 NONE -597;-32761 0;0
611 NONE -597;-32761 0;0
612 NONE -597;-32761 0;0
613 NONE -597;-32761 0;0
614 NONE -597;-32761 0;0
615 NONE -597;-32761 0;0
616 NONE -625;-32761 0;0
617 NONE -625;-32761 0;0
618 NONE -625;-32761 0;0
619 NONE -597;-32761 0;0
620 NONE -625;-32761 0;0
621 NONE -625;-32761 0;0
622 NONE -625;-32761 0;0
623 NONE -598;-32761 0;0
624 NONE -597;-32761 0;0
625 NONE -625;-32761 0;0
626 NONE -597;-32761 0;0
627 NONE -625;-32761 0;0
628 NONE -568;-32762 0;0
629 NONE -625;-32761 0;0
630 NONE -624;-32761 0;0
631 NONE -625;-32761 0;0
632 NONE -597;-32761 0;0
633 NONE -597;-32761 0;0
634 NONE -596;-32761 0;0
635 NONE -597;-32761 0;0
636 NONE -625;-32761 0;0
637 NONE -598;-32761 0;0
638 NONE -597;-32761 0;0
639 NONE -597;-32761 0;0
640 NONE -597;-32761 0;0
641 NONE -597;-32761 0;0
642 NONE -625;-32761 0;0
643 NONE 809;-32757 0;0
644 NONE 3834;-32541 0;0
645 NONE 4960;-32389 0;0
646 NONE 6529;-32109 0;0
647 NONE 12086;-30456 0;0
648 NONE 15743;-28736 0;0
649 NONE 21409;-24805 0;0
650 NONE 22983;-23355 0;0
651 NONE 27701;-17501 0;0
652 NONE 32159;-6281 0;0
653 NONE 32709;-1936 0;0
654 NONE 32750;-1024 0;0
655 NONE 32765;349 0;0
656 NONE 32749;1074 0;0
657 NONE 32723;1680 0;0
658 NONE 32678;2400 0;0
659 NONE 32639;2888 0;0
660 NONE 32626;3034 0;0
661 NONE 32629;3003 0;0
662 NONE 32626;3029 0;0
663 NONE 32629;3003 0;0
664 NONE 32629;3003 0;0
665 NONE 32623;3060 0;0
666 NONE 32626;3029 0;0
667 NONE 32624;3057 0;0
668 NONE 32624;3057 0;0
669 NONE 32629;2996 0;0
670 NONE 32631;2976 0;0
671 NONE 32630;2985 0;0
672 NONE 32639;2886 0;0
673 NONE 32641;2862 0;0
674 KEY_B 32638;2897 0;0
675 KEY_B 32642;2851 0;0
676 KEY_B 32645;2824 0;0
677 KEY_B 32645;2820 0;0
678 KEY_B 32647;2794 0;0
679 KEY_B 32645;2820 0;0
680 KEY_B 32645;2816 0;0
681 KEY_B 32645;2816 0;0
682 KEY_B 32643;2847 0;0
683 KEY_B 32645;2814 0;0
684 KEY_B 32640;2871 0;0
685 KEY_B 32640;2871 0;0
686 KEY_B 32645;2818 0;0
687 KEY_B 32643;2843 0;0
688 KEY_B 32645;2818 0;0
689 KEY_B 32645;2820 0;0
690 NONE 32645;2818 0;0
691 NONE 32647;2794 0;0
692 NONE 32643;2847 0;0
693 NONE 32645;2822 0;0
694 NONE 32648;2789 0;0
695 NONE 32643;2847 0;0
696 NONE 32647;2796 0;0
697 NONE 32645;2820 0;0
698 NONE 32645;2818 0;0
699 NONE 32645;2816 0;0
700 NONE 32645;2816 0;0
701 NONE 32645;2818 0;0
702 NONE 32645;2820 0;0
703 NONE 32611;3191 0;0
704 NONE 32386;4976 0;0
705 NONE 31431;9259 0;0
706 NONE 29389;14489 0;0
707 NONE 23825;22495 0;0
708 NONE 16749;28162 0;0
709 NONE 2211;32692 0;0
710 NONE -816;32756 0;0
711 NONE -6053;32203 0;0
712 NONE -11631;30632 0;0
713 NONE -13757;29738 0;0
714 NONE -14875;29195 0;0
715 NONE -15352;28947 0;0
716 NONE -15341;28953 0;0
717 NONE -15341;28953 0;0
718 NONE -15301;28974 0;0
719 NONE -14533;29367 0;0
720 NONE -11973;30500 0;0
721 NONE -6630;32089 0;0
722 NONE -3785;32547 0;0
723 NONE -1351;32739 0;0
724 NONE -787;32757 0;0
725 NONE -702;32759 0;0
726 NONE -674;32760 0;0
727 NONE -674;32760 0;0
728 NONE -674;32760 0;0
729 NONE -674;32760 0;0
730 NONE -675;32760 0;0
731 NONE -674;32760 0;0
732 NONE -674;32760 0;0
733 NONE -674;32760 0;0
734 NONE -646;32760 0;0
735 NONE -674;32760 0;0
736 NONE -674;32760 0;0
737 NONE -646;32760 0;0
738 NONE -673;32760 0;0
739 NONE -674;32760 0;0
740 KEY_B -674;32760 0;0
741 KEY_B -701;32759 0;0
742 KEY_B -730;32758 0;0
743 KEY_B -730;32758 0;0
744 KEY_B -731;32758 0;0
745 KEY_B -702;32759 0;0
746 KEY_B -730;32758 0;0
747 KEY_B -729;32758 0;0
748 KEY_B -702;32759 0;0
749 KEY_B -731;32758 0;0
750 KEY_B -730;32758 0;0
751 KEY_B -702;32759 0;0
752 KEY_B -702;32759 0;0
753 KEY_B -702;32759 0;0
754 KEY_B -757;32758 0;0
755 KEY_B -702;32759 0;0
756 KEY_B -702;32759 0;0
757 KEY_B -814;32756 0;0
758 KEY_B -897;32754 0;0
759 KEY_B -982;32752 0;0
760 KEY_B -1010;32751 0;0
761 KEY_B -1066;32749 0;0
762 KEY_B -1037;32750 0;0
763 KEY_B -982;32752 0;0
764 KEY_B -1065;32749 0;0
765 KEY_B -1038;32750 0;0
766 KEY_B -1011;32751 0;0
767 NONE -1040;32750 0;0
768 NONE -1011;32751 0;0
769 NONE -1011;32751 0;0
770 NONE -1039;32750 0;0
771 NONE -1039;32750 0;0
772 NONE -1011;32751 0;0
773 KEY_ZL -1094;32748 0;0
774 KEY_ZL -1262;32742 0;0
775 KEY_ZL -2264;32688 0;0
776 KEY_ZL -2292;32686 0;0
777 KEY_Y;KEY_ZL -2317;32684 0;0
778 KEY_Y;KEY_ZL -2290;32686 0;0
779 KEY_Y;KEY_ZL -2319;32684 0;0
780 KEY_Y;KEY_ZL -2287;32687 0;0
781 KEY_Y;KEY_ZL -2292;32686 0;0
782 KEY_Y;KEY_ZL -2292;32686 0;0
783 KEY_Y;KEY_ZL -2266;32688 0;0
784 KEY_Y -2264;32688 0;0
785 KEY_Y -2234;32690 0;0
786 KEY_Y -2208;32692 0;0
787 NONE -2151;32696 0;0
788 NONE -1984;32706 0;0
789 NONE -1874;32713 0;0
790 NONE -1736;32720 0;0
791 NONE -1677;32724 0;0
792 NONE -1652;32725 0;0
793 NONE -1540;32730 0;0
794 NONE -1484;32733 0;0
795 NONE -1064;32749 0;0
796 NONE -900;25991 0;0
797 NONE -104;787 0;0
801 NONE -662;-10205 0;0
802 NONE -825;-20954 0;0
803 NONE -835;-32756 0;0
804 NONE -828;-32756 0;0
805 NONE -880;-32755 0;0
806 NONE -987;-32752 0;0
807 NONE -1096;-32748 0;0
808 NONE -1262;-32742 0;0
809 NONE -1344;-32739 0;0
810 NONE -1319;-32740 0;0
811 NONE -1372;-32738 0;0
812 NONE -1347;-32739 0;0
813 NONE -1346;-32739 0;0
814 NONE -1373;-32738 0;0
815 NONE -1345;-32739 0;0
816 NONE -1374;-32738 0;0
817 NONE -1318;-32740 0;0
818 NONE -1347;-32739 0;0
819 NONE -1374;-32738 0;0
820 NONE 133;-32766 0;0
821 NONE 204;-28976 0;0
822 NONE 379;-16874 0;0
823 NONE 205;-4613 0;0
824 NONE 124;-3063 0;0
825 NONE 112;-1848 0;0
856 NONE 319;-12636 0;0
857 NONE 676;-30119 0;0
858 NONE 788;-32757 0;0
859 NONE 788;-32757 0;0
860 NONE 816;-32756 0;0
861 NONE 814;-32756 0;0
862 NONE 788;-32757 0;0
863 NONE 789;-32757 0;0
864 NONE 815;-32756 0;0
865 NONE 815;-32756 0;0
866 NONE 788;-32757 0;0
867 NONE 760;-32758 0;0
868 NONE 759;-32758 0;0
869 NONE 733;-32758 0;0
870 NONE 759;-32758 0;0
871 NONE 732;-32758 0;0
872 NONE 733;-32758 0;0
873 NONE 759;-32758 0;0
874 NONE 732;-32758 0;0
875 NONE 759;-32758 0;0
876 NONE 705;-32759 0;0
877 NONE 733;-32758 0;0
878 NONE 759;-32758 0;0
879 NONE 759;-32758 0;0
880 NONE 732;-32758 0;0
881 NONE 732;-32758 0;0
882 NONE 732;-32758 0;0
883 NONE 732;-32758 0;0
884 NONE 707;-32759 0;0
885 NONE 705;-32759 0;0
886 NONE 732;-32758 0;0
887 NONE 797;-30691 0;0
888 NONE 639;-17448 0;0
908 NONE 37;1644 0;0
909 NONE 0;15414 0;0
910 NONE -56;32766 0;0
911 NONE -112;32766 0;0
912 NONE -451;32763 0;0
913 NONE -535;32762 0;0
914 NONE -620;32761 0;0
915 NONE -676;32760 0;0
916 NONE -677;32760 0;0
917 NONE -676;32760 0;0
918 NONE -648;32760 0;0
919 NONE -647;32760 0;0
920 NONE -676;32760 0;0
921 NONE -647;32760 0;0
922 NONE -647;32760 0;0
923 NONE -647;32760 0;0
924 NONE -675;32760 0;0
925 NONE -647;32760 0;0
926 NONE -646;32760 0;0
927 NONE -676;32760 0;0
928 NONE -619;32761 0;0
929 NONE -647;32760 0;0
930 NONE -591;32761 0;0
931 NONE -591;32761 0;0
932 NONE -619;32761 0;0
933 NONE -591;32761 0;0
934 NONE -618;32761 0;0
935 NONE -591;32761 0;0
936 NONE -591;32761 0;0
937 NONE -591;32761 0;0
938 NONE -590;32761 0;0
939 NONE -591;32761 0;0
940 NONE -590;32761 0;0
941 NONE -619;32761 0;0
942 NONE -591;32761 0;0
943 NONE -619;32761 0;0
944 NONE -619;32761 0;0
945 NONE -591;32761 0;0
946 NONE -591;32761 0;0
947 NONE -591;32761 0;0
948 NONE -591;32761 0;0
949 NONE -590;32761 0;0
950 KEY_B -619;32761 0;0
951 KEY_B -619;32761 0;0
952 KEY_B -619;32761 0;0
953 KEY_B -589;32761 0;0
954 KEY_B -591;32761 0;0
955 KEY_B -591;32761 0;0
956 KEY_B -619;32761 0;0
957 KEY_B -591;32761 0;0
958 KEY_B -590;32761 0;0
959 KEY_B -619;32761 0;0
960 KEY_B -591;32761 0;0
961 KEY_B -591;32761 0;0
962 KEY_B -591;32761 0;0
963 KEY_B -590;32761 0;0
964 KEY_B -562;32762 0;0
965 KEY_B -591;32761 0;0
966 KEY_B -591;32761 0;0
967 KEY_B -591;32761 0;0
968 KEY_B -562;32762 0;0
969 KEY_B -591;32761 0;0
970 KEY_B -618;32761 0;0
971 KEY_B -591;32761 0;0
972 KEY_B -591;32761 0;0
973 KEY_B -590;32761 0;0
974 KEY_B -591;32761 0;0
975 KEY_B -562;32762 0;0
976 KEY_B -562;32762 0;0
977 KEY_B -591;32761 0;0
978 KEY_B -563;32762 0;0
979 KEY_B -591;32761 0;0
980 KEY_B -591;32761 0;0
981 KEY_B -591;32761 0;0
982 KEY_B -590;32761 0;0
983 KEY_B -619;32761 0;0
984 KEY_B -619;32761 0;0
985 NONE -591;32761 0;0
986 NONE -563;32762 0;0
987 NONE -591;32761 0;0
988 NONE -619;32761 0;0
989 NONE -592;32761 0;0
990 NONE -639;32760 0;0
991 NONE -444;11882 0;0
993 NONE -754;-19608 0;0
994 KEY_B 212;-32766 0;0
995 KEY_B -140;-32766 0;0
996 KEY_B -645;-32760 0;0
997 KEY_B -701;-32759 0;0
998 KEY_B -729;-32758 0;0
999 KEY_B -757;-32758 0;0
1000 KEY_B -728;-32758 0;0
1001 KEY_B -729;-32758 0;0
1002 KEY_B -728;-32758 0;0
1003 KEY_B -729;-32758 0;0
1004 KEY_B -813;-32756 0;0
1005 KEY_B -727;-32758 0;0
1006 KEY_B -757;-32758 0;0
1007 KEY_B -785;-32757 0;0
1008 KEY_B -757;-32758 0;0
1009 KEY_B -757;-32758 0;0
1010 KEY_B -757;-32758 0;0
1011 KEY_B -757;-32758 0;0
1012 KEY_B -728;-32758 0;0
1013 KEY_B -784;-32757 0;0
1014 KEY_B -757;-32758 0;0
1015 KEY_B -757;-32758 0;0
1016 KEY_B -785;-32757 0;0
1017 KEY_B -729;-32758 0;0
1018 KEY_B -784;-32757 0;0
1019 KEY_B -756;-32758 0;0
1020 KEY_B -729;-32758 0;0
1021 NONE -756;-32758 0;0
1022 NONE -729;-32758 0;0
1023 NONE -757;-32758 0;0
1024 NONE -756;-32758 0;0
1025 NONE -814;-32756 0;0
1026 NONE -757;-32758 0;0
1027 NONE -749;-32758 0;0
1028 NONE -708;-15983 0;0
1032 NONE -271;-2257 0;0
1033 NONE -715;-12280 0;0
1034 NONE -763;-14641 0;0
1035 NONE -741;-14844 0;0
1041 NONE -3267;-131 0;0
1042 NONE -32765;-306 0;0
1043 NONE -32765;-305 0;0
1044 NONE -32765;-305 0;0
1045 NONE -32765;-305 0;0
1046 NONE -32765;-273 0;0
1047 NONE -32765;-304 0;0
1048 NONE -32764;-364 0;0
1049 NONE -32765;-334 0;0
1050 NONE -32765;-334 0;0
1051 NONE -32765;-334 0;0
1052 NONE -32765;-303 0;0
1053 NONE -32765;-333 0;0
1054 NONE -32765;-302 0;0
1055 NONE -32765;-361 0;0
1056 NONE -32765;-361 0;0
1057 NONE -32760;-631 0;0
1058 NONE -32753;-931 0;0
1059 NONE -32743;-1230 0;0
1060 NONE -32733;-1490 0;0
1061 NONE -32724;-1658 0;0
1062 NONE -32722;-1712 0;0
1063 NONE -32722;-1701 0;0
1064 NONE -32723;-1692 0;0
1065 NONE -32725;-1657 0;0
1066 NONE -32727;-1600 0;0
1067 NONE -32730;-1541 0;0
1068 NONE -32730;-1537 0;0
1069 KEY_B -32732;-1508 0;0
1070 KEY_B -32732;-1507 0;0
1071 KEY_B -32729;-1559 0;0
1072 KEY_B -32731;-1533 0;0
1073 KEY_B -32732;-1507 0;0
1074 KEY_B -32731;-1533 0;0
1075 KEY_B -32731;-1532 0;0
1076 KEY_B -32732;-1505 0;0
1077 KEY_B -32731;-1532 0;0
1078 KEY_B -32728;-1585 0;0
1079 KEY_B -32729;-1558 0;0
1080 KEY_B -32729;-1559 0;0
1081 KEY_B -32729;-1559 0;0
1082 KEY_B -32731;-1531 0;0
1083 KEY_B -32731;-1532 0;0
1084 KEY_B -32729;-1559 0;0
1085 KEY_B -32731;-1532 0;0
1086 KEY_B -32731;-1532 0;0
1087 KEY_B -32732;-1505 0;0
1088 KEY_B -32731;-1532 0;0
1089 KEY_B -32732;-1503 0;0
1090 KEY_B -32729;-1560 0;0
1091 KEY_B -32731;-1531 0;0
1092 KEY_B -32731;-1533 0;0
1093 KEY_B -32731;-1532 0;0
1094 KEY_B -32729;-1559 0;0
1095 KEY_B -32731;-1533 0;0
1096 NONE -32729;-1559 0;0
1097 NONE -32720;-1745 0;0
1098 NONE -32667;-2549 0;0
1099 NONE -32387;-4972 0;0
1100 NONE -31908;-7453 0;0
1101 NONE -30151;-12827 0;0
1102 NONE -26256;-19602 0;0
1103 NONE -22725;-23606 0;0
1104 NONE -21266;-24928 0;0
1105 NONE -11596;-30646 0;0
1106 NONE -1933;-32709 0;0
1107 NONE -286;-32765 0;0
1108 NONE 54;-32766 0;0
1109 NONE 54;-32766 0;0
1110 NONE 108;-32766 0;0
1111 NONE 324;-32765 0;0
1112 NONE 729;-32758 0;0
1113 NONE 1132;-32747 0;0
1114 NONE 1373;-32738 0;0
1115 NONE 1452;-32734 0;0
1116 NONE 1537;-32730 0;0
1117 NONE 1615;-32727 0;0
1118 NONE 1673;-32724 0;0
1119 NONE 1722;-32721 0;0
1120 NONE 1881;-32712 0;0
1121 NONE 1912;-32711 0;0
1122 NONE 1992;-32706 0;0
1123 NONE 1967;-32707 0;0
1124 NONE 1989;-32706 0;0
1125 NONE 1990;-32706 0;0
1126 NONE 2044;-32703 0;0
1127 NONE 2048;-32702 0;0
1128 NONE 2069;-32701 0;0
1129 NONE 2096;-32699 0;0
1130 NONE 2073;-32701 0;0
1131 NONE 2094;-32700 0;0
1132 NONE 2099;-32699 0;0
1133 NONE 2069;-32701 0;0
1134 NONE 2071;-32701 0;0
1135 NONE 2124;-32698 0;0
1136 NONE 2099;-32699 0;0
1137 NONE 2096;-32699 0;0
1138 NONE 2069;-32701 0;0
1139 NONE 2096;-32699 0;0
1140 NONE 2126;-32697 0;0
1141 NONE 2098;-32699 0;0
1142 NONE 2069;-32701 0;0
1143 NONE 2074;-32701 0;0
1144 NONE 2071;-32701 0;0
1145 NONE 2046;-32703 0;0
1146 NONE 2046;-32703 0;0
1147 NONE 1131;-32747 0;0
1148 NONE -2273;-32688 0;0
1149 NONE -7970;-31782 0;0
1150 NONE -13275;-29957 0;0
1151 NONE -16348;-28397 0;0
1152 NONE -18195;-27250 0;0
1153 NONE -21302;-24897 0;0
1154 NONE -24627;-21614 0;0
1155 NONE -28033;-16964 0;0
1156 NONE -29003;-15247 0;0
1157 NONE -29470;-14323 0;0
1158 NONE -30541;-11870 0;0
1159 NONE -31897;-7497 0;0
1160 NONE -32425;-4717 0;0
1161 NONE -32689;-2254 0;0
1162 NONE -32721;-1727 0;0
1163 NONE -32723;-1688 0;0
1164 NONE -32723;-1679 0;0
1165 NONE -32730;-1546 0;0
1166 NONE -32733;-1486 0;0
1167 NONE -32730;-1538 0;0
1168 NONE -32730;-1540 0;0
1169 NONE -32730;-1540 0;0
1170 NONE -32730;-1540 0;0
1171 NONE -32730;-1540 0;0
1172 NONE -32733;-1484 0;0
1173 NONE -32730;-1541 0;0
1174 NONE -32732;-1513 0;0
1175 NONE -32732;-1513 0;0
1176 NONE -32732;-1511 0;0
1177 NONE -32766;138 0;0
1178 NONE -32737;1381 0;0
1179 NONE -32725;1656 0;0
1180 NONE -32723;1682 0;0
1181 NONE -32723;1682 0;0
1182 NONE -32723;1683 0;0
1183 NONE -32725;1656 0;0
1184 NONE -32723;1683 0;0
1185 NONE -32722;1712 0;0
1186 NONE -32723;1683 0;0
1187 NONE -32723;1683 0;0
1188 NONE -32722;1711 0;0
1189 NONE -32722;1712 0;0
1190 NONE -32723;1685 0;0
1191 NONE -32723;1685 0;0
1192 NONE -32722;1712 0;0
1193 NONE -32722;1714 0;0
1194 NONE -32722;1712 0;0
1195 NONE -32722;1711 0;0
1196 NONE -32722;1712 0;0
1197 NONE -32725;1656 0;0
1198 NONE -32723;1685 0;0
1199 NONE -32723;1683 0;0
1200 NONE -32722;1712 0;0
1201 NONE -32723;1683 0;0
1202 NONE -32723;1685 0;0
1203 NONE -32722;1714 0;0
1204 NONE -32723;1685 0;0
1205 NONE -32725;1657 0;0
1206 NONE -32722;1712 0;0
1207 NONE -32722;1711 0;0
1208 NONE -32723;1685 0;0
1209 NONE -32726;1630 0;0
1210 NONE -32723;1685 0;0
1211 NONE -32723;1685 0;0
1212 NONE -32722;1712 0;0
1213 NONE -32723;1683 0;0
1214 NONE -32723;1686 0;0
1215 NONE -32723;1683 0;0
1216 NONE -32726;1630 0;0
1217 NONE -32725;1657 0;0
1218 NONE -32725;1657 0;0
1219 NONE -32725;1657 0;0
1220 NONE -32722;1714 0;0
1221 NONE -32723;1683 0;0
1222 NONE -32723;1685 0;0
1223 NONE -32722;1711 0;0
1224 NONE -32723;1686 0;0
1225 NONE -32723;1686 0;0
1226 NONE -32722;1711 0;0
1227 NONE -32725;1657 0;0
1228 NONE -32724;1660 0;0
1229 NONE -32724;1658 0;0
1230 NONE -32724;1660 0;0
1231 NONE -32722;1702 0;0
1232 NONE -32722;1710 0;0
1233 NONE -32717;1806 0;0
1234 NONE -32716;1824 0;0
1235 NONE -32714;1861 0;0
1236 NONE -32712;1886 0;0
1237 NONE -31600;2008 0;0
1238 NONE -26634;1870 0;0
1239 NONE -9099;-65 0;0
1265 NONE -1168;-89 0;0
1266 NONE -7619;-360 0;0
1267 NONE -16430;-467 0;0
1268 NONE -22502;-482 0;0
1269 NONE -30025;-548 0;0
1270 NONE -32762;-522 0;0
1271 KEY_B -32762;-553 0;0
1272 KEY_B -32763;-491 0;0
1273 KEY_B -32763;-491 0;0
1274 KEY_B -32762;-521 0;0
1275 KEY_B -32762;-551 0;0
1276 KEY_B -32763;-490 0;0
1277 KEY_B -32762;-520 0;0
1278 KEY_B -32763;-489 0;0
1279 NONE -32762;-520 0;0
1280 NONE -32763;-489 0;0
1281 NONE -32762;-551 0;0
1282 NONE -32762;-550 0;0
1283 NONE -32762;-519 0;0
1284 NONE -32762;-520 0;0
1285 NONE -32762;-519 0;0
1286 NONE -32763;-488 0;0
1287 NONE -32762;-550 0;0
1288 NONE -32762;-519 0;0
1289 NONE -32762;-519 0;0
1290 NONE -32762;-518 0;0
1291 NONE -32763;-488 0;0
1292 NONE -32763;-488 0;0
1293 NONE -32762;-519 0;0
1294 NONE -32762;-518 0;0
1295 NONE -32762;-549 0;0
1296 NONE -32762;-549 0;0
1297 NONE -32763;-488 0;0
1298 NONE -32762;-518 0;0
1299 NONE -32762;-548 0;0
1300 NONE -32762;-516 0;0
1301 NONE -32763;-484 0;0
1302 NONE -32763;-483 0;0
1303 NONE -32762;-544 0;0
1304 NONE -32762;-537 0;0
1305 NONE -32740;-1307 0;0
1306 NONE -32728;-1596 0;0
1307 NONE -32725;-1649 0;0
1308 NONE -32726;-1623 0;0
1309 NONE -32727;-1615 0;0
1310 NONE -32729;-1559 0;0
1311 NONE -32728;-1582 0;0
1312 NONE -32727;-1606 0;0
1313 NONE -32728;-1578 0;0
1314 NONE -32729;-1576 0;0
1315 NONE -32730;-1547 0;0
1316 NONE -32729;-1574 0;0
1317 NONE -32729;-1573 0;0
1318 NONE -32729;-1574 0;0
1319 NONE -32729;-1573 0;0
1320 NONE -32729;-1571 0;0
1321 NONE -32730;-1544 0;0
1322 NONE -32729;-1573 0;0
1323 KEY_B -32727;-1601 0;0
1324 KEY_B -32727;-1600 0;0
1325 KEY_B -32727;-1600 0;0
1326 KEY_B -32730;-1544 0;0
1327 KEY_B -32729;-1571 0;0
1328 KEY_B -32730;-1544 0;0
1329 KEY_B -32729;-1570 0;0
1330 KEY_B -32729;-1571 0;0
1331 KEY_B -32729;-1571 0;0
1332 KEY_B -32729;-1571 0;0
1333 KEY_B -32727;-1600 0;0
1334 KEY_B -32727;-1598 0;0
1335 KEY_B -32729;-1573 0;0
1336 KEY_B -32729;-1570 0;0
1337 KEY_B -32729;-1571 0;0
1338 KEY_B -32729;-1571 0;0
1339 KEY_B -32729;-1571 0;0
1340 KEY_B -32729;-1573 0;0
1341 KEY_B -32729;-1571 0;0
1342 KEY_B -32727;-1598 0;0
1343 KEY_B -32729;-1570 0;0
1344 KEY_B -32727;-1600 0;0
1345 KEY_B -32727;-1600 0;0
1346 KEY_B -32730;-1544 0;0
1347 KEY_B -32727;-1598 0;0
1348 KEY_B -32727;-1600 0;0
1349 KEY_B -32723;-1678 0;0
1350 KEY_B -32716;-1813 0;0
1351 KEY_B -32712;-1897 0;0
1352 KEY_B -32708;-1951 0;0
1353 KEY_B -32703;-2031 0;0
1354 KEY_B -32697;-2139 0;0
1355 KEY_B -32687;-2275 0;0
1356 KEY_B -32659;-2650 0;0
1357 KEY_B -32478;-4337 0;0
1358 KEY_B -32188;-6130 0;0
1359 NONE -32051;-6810 0;0
1360 NONE -31577;-8749 0;0
1361 NONE -31434;-9250 0;0
1362 NONE -31399;-9368 0;0
1363 NONE -31254;-9840 0;0
1364 NONE -30785;-11222 0;0
1365 NONE -30188;-12741 0;0
1366 NONE -29456;-14351 0;0
1367 NONE -27805;-17335 0;0
1368 NONE -26415;-19388 0;0
1369 NONE -24330;-21948 0;0
1370 NONE -21970;-24310 0;0
1371 NONE -21586;-24651 0;0
1372 NONE -21391;-24821 0;0
1373 NONE -21330;-24873 0;0
1374 NONE -21300;-24898 0;0
1375 NONE -21316;-24885 0;0
1376 NONE -21286;-24910 0;0
1377 NONE -21316;-24885 0;0
1378 NONE -21229;-24959 0;0
1379 NONE -20920;-25219 0;0
1380 NONE -19564;-26285 0;0
1381 NONE -18138;-27288 0;0
1382 NONE -17355;-27793 0;0
1383 NONE -15325;-28962 0;0
1384 NONE -8928;-31527 0;0
1385 NONE -1468;-32734 0;0
1386 NONE 543;-32762 0;0
1387 NONE 1628;-32726 0;0
1388 NONE 1712;-32722 0;0
1389 NONE 1817;-32716 0;0
1390 NONE 2140;-32697 0;0
1391 NONE 3485;-32581 0;0
1392 NONE 6313;-32152 0;0
1393 NONE 8436;-31662 0;0
1394 NONE 10754;-30951 0;0
1420 NONE 1090;14133 0;0
1421 NONE 10508;31036 0;0
1422 NONE 12347;30351 0;0
1423 NONE 12347;30351 0;0
1424 NONE 12380;30338 0;0
1425 NONE 12349;30350 0;0
1426 NONE 12326;30360 0;0
1427 NONE 12172;30422 0;0
1428 NONE 11956;30507 0;0
1429 NONE 11844;30551 0;0
1430 NONE 11697;30608 0;0
1431 NONE 11128;30819 0;0
1432 NONE 9345;31405 0;0
1433 NONE 9329;31410 0;0
1434 NONE 9321;31413 0;0
1435 NONE 9321;31413 0;0
1436 NONE 9264;31430 0;0
1437 NONE 9305;31417 0;0
1438 NONE 9321;31413 0;0
1439 NONE 9305;31418 0;0
1440 NONE 9321;31413 0;0
1441 NONE 9313;31415 0;0
1442 NONE 9296;31420 0;0
1443 NONE 9305;31418 0;0
1444 NONE 9313;31415 0;0
1445 NONE 9321;31413 0;0
1446 NONE 9313;31415 0;0
1447 NONE 9280;31425 0;0
1448 NONE 9264;31430 0;0
1449 NONE 9272;31427 0;0
1450 NONE 9256;31432 0;0
1451 NONE 9199;31449 0;0
1452 NONE 9077;31484 0;0
1453 NONE 9077;31484 0;0
1454 NONE 9004;31505 0;0
1455 NONE 9013;31503 0;0
1456 NONE 8097;31750 0;0
1457 NONE 6978;32015 0;0
1458 NONE 6522;32111 0;0
1459 NONE 6015;32210 0;0
1460 NONE 5963;32219 0;0
1461 NONE 5989;32214 0;0
1462 NONE 5933;32225 0;0
1463 NONE 5938;32224 0;0
1464 NONE 5927;32226 0;0
1465 NONE 5963;32219 0;0
1466 NONE 5963;32219 0;0
1467 NONE 5953;32221 0;0
1468 NONE 5958;32220 0;0
1469 NONE 5933;32225 0;0
1470 NONE 5958;32220 0;0
1471 NONE 5989;32214 0;0
1472 NONE 5963;32219 0;0
1473 NONE 5933;32225 0;0
1474 NONE 5963;32219 0;0
1475 NONE 5958;32220 0;0
1476 NONE 6493;32117 0;0
1477 NONE 7876;31806 0;0
1478 NONE 8188;31727 0;0
1479 NONE 8268;31706 0;0
1480 NONE 8293;31700 0;0
1481 NONE 8293;31700 0;0
1482 NONE 8285;31702 0;0
1483 NONE 8268;31706 0;0
1484 NONE 8285;31702 0;0
1485 NONE 8285;31702 0;0
1486 KEY_ZL 7768;31832 0;0
1487 KEY_ZL 5320;32332 0;0
1488 KEY_ZL 4829;32409 0;0
1489 KEY_B;KEY_ZL 4667;32432 0;0
1490 KEY_B;KEY_ZL 4641;32436 0;0
1491 KEY_B;KEY_ZL 4615;32440 0;0
1492 KEY_B;KEY_ZL 4667;32432 0;0
1493 KEY_B;KEY_ZL 6166;32181 0;0
1494 KEY_B;KEY_ZL 7754;31836 0;0
1495 KEY_B 10923;30892 0;0
1496 KEY_B 12954;30097 0;0
1497 KEY_B 13720;29756 0;0
1498 KEY_B 15045;29108 0;0
1499 KEY_B 17003;28010 0;0
1500 NONE 18428;27093 0;0
1501 NONE 22354;23957 0;0
1502 NONE 24016;22291 0;0
1503 NONE 25365;20742 0;0
1504 NONE 26089;19824 0;0
1505 NONE 26122;19781 0;0
1506 NONE 26136;19763 0;0
1507 NONE 26131;19769 0;0
1508 NONE 26085;19830 0;0
1509 NONE 26117;19787 0;0
1510 NONE 26140;19756 0;0
1511 NONE 26186;19695 0;0
1512 NONE 26209;19665 0;0
1513 NONE 26241;19622 0;0
1514 NONE 26223;19647 0;0
1515 NONE 25594;20460 0;0
1516 NONE 25166;20983 0;0
1517 NONE 24932;21261 0;0
1518 NONE 24735;21489 0;0
1519 NONE 24327;21951 0;0
1520 NONE 23950;22361 0;0
1521 NONE 23470;22865 0;0
1522 NONE 22402;23912 0;0
1523 NONE 21366;24842 0;0
1524 NONE 21311;24889 0;0
1525 NONE 21200;24984 0;0
1526 NONE 21160;25018 0;0
1527 NONE 21159;25019 0;0
1528 NONE 20894;25241 0;0
1529 NONE 20004;25951 0;0
1530 NONE 18829;26816 0;0
1531 NONE 17095;27954 0;0
1532 NONE 15606;28811 0;0
1533 NONE 14127;29565 0;0
1534 NONE 11345;30740 0;0
1535 NONE 9739;31285 0;0
1536 NONE 7705;31848 0;0
1537 NONE 3184;32611 0;0
1538 NONE -308;32765 0;0
1539 NONE -1286;32741 0;0
1540 NONE -6355;32144 0;0
1541 NONE -9624;31321 0;0
1542 NONE -11768;30580 0;0
1543 NONE -13716;29758 0;0
1544 NONE -14749;29259 0;0
1545 NONE -15588;28821 0;0
1546 NONE -16189;28488 0;0
1547 NONE -16817;28121 0;0
1548 NONE -17869;27465 0;0
1549 NONE -18224;27231 0;0
1550 NONE -18523;27028 0;0
1551 NONE -20437;25612 0;0
1552 NONE -15920;18932 0;0
1553 NONE -3008;4410 0;0
1580 NONE -168;-2024 0;0
1581 NONE 0;-7784 0;0
1582 NONE 1652;-24186 0;0
1583 NONE 3202;-32610 0;0
1584 NONE 3033;-32626 0;0
1585 NONE 2602;-32663 0;0
1586 NONE 2308;-32685 0;0
1587 NONE 2306;-32685 0;0
1588 NONE 2845;-32643 0;0
1589 NONE 4340;-32478 0;0
1590 NONE 7518;-31892 0;0
1591 NONE 10045;-31189 0;0
1592 NONE 10758;-30950 0;0
1593 NONE 11028;-30855 0;0
1594 NONE 11173;-30803 0;0
1595 NONE 11155;-30809 0;0
1596 NONE 11014;-30860 0;0
1597 NONE 10278;-31113 0;0
1598 NONE 10225;-31130 0;0
1599 NONE 10170;-31148 0;0
1600 NONE 10155;-31153 0;0
1601 NONE 10178;-31145 0;0
1602 NONE 10138;-31158 0;0
1603 NONE 10138;-31158 0;0
1604 NONE 10123;-31163 0;0
1605 NONE 10162;-31151 0;0
1606 NONE 10170;-31148 0;0
1607 NONE 10210;-31135 0;0
1608 NONE 10403;-31071 0;0
1609 NONE 10640;-30991 0;0
1610 NONE 10836;-30923 0;0
1611 NONE 10978;-30873 0;0
1612 NONE 10978;-30873 0;0
1613 NONE 10973;-30874 0;0
1614 NONE 10978;-30873 0;0
1615 NONE 10955;-30881 0;0
1616 NONE 10964;-30878 0;0
1617 NONE 10946;-30884 0;0
1618 NONE 10946;-30884 0;0
1619 NONE 10941;-30886 0;0
1620 NONE 10955;-30881 0;0
1621 NONE 10978;-30873 0;0
1622 NONE 10996;-30866 0;0
1623 NONE 10969;-30876 0;0
1624 NONE 10969;-30876 0;0
1625 NONE 10987;-30870 0;0
1626 NONE 10960;-30879 0;0
1627 NONE 10955;-30881 0;0
1628 NONE 10987;-30870 0;0
1629 NONE 10978;-30873 0;0
1630 NONE 10937;-30887 0;0
1631 KEY_ZL 11018;-30858 0;0
1632 KEY_ZL 11394;-30722 0;0
1633 KEY_ZL 11671;-30617 0;0
1634 KEY_ZL 11719;-30599 0;0
1635 KEY_B;KEY_ZL 11729;-30595 0;0
1636 KEY_B;KEY_ZL 11694;-30609 0;0
1637 KEY_B;KEY_ZL 10473;-31048 0;0
1638 KEY_B;KEY_ZL 9205;-31447 0;0
1639 KEY_B;KEY_ZL 7974;-31781 0;0
1640 KEY_B 7461;-31906 0;0
1641 KEY_B 7423;-31914 0;0
1642 KEY_B 7448;-31909 0;0
1643 KEY_B 7411;-31917 0;0
1644 NONE 7448;-31909 0;0
1645 NONE 7480;-31901 0;0
1646 NONE 7448;-31909 0;0
1647 NONE 7411;-31917 0;0
1648 NONE 7473;-31903 0;0
1649 NONE 7498;-31897 0;0
1650 NONE 7473;-31903 0;0
1651 NONE 7523;-31891 0;0
1652 NONE 7493;-31898 0;0
1653 NONE 7693;-31850 0;0
1654 NONE 8453;-31657 0;0
1655 NONE 9919;-31229 0;0
1656 NONE 10897;-30901 0;0
1657 NONE 11824;-30559 0;0
1658 NONE 12517;-30281 0;0
1659 NONE 13392;-29905 0;0
1660 NONE 15255;-28999 0;0
1661 NONE 18964;-26721 0;0
1662 NONE 20502;-25560 0;0
1663 NONE 21485;-24739 0;0
1664 NONE 21540;-24691 0;0
1665 NONE 21732;-24522 0;0
1666 NONE 23023;-23315 0;0
1667 NONE 24175;-22118 0;0
1668 NONE 25042;-21131 0;0
1669 NONE 25501;-20575 0;0
1670 NONE 25651;-20388 0;0
1671 NONE 25748;-20266 0;0
1672 NONE 25738;-20278 0;0
1673 NONE 25771;-20236 0;0
1674 NONE 25738;-20278 0;0
1675 NONE 24952;-21238 0;0
1676 NONE 24058;-22245 0;0
1677 NONE 23655;-22673 0;0
1678 NONE 23591;-22740 0;0
1679 NONE 23566;-22765 0;0
1680 NONE 23591;-22740 0;0
1681 NONE 23606;-22724 0;0
1682 NONE 23554;-22778 0;0
1683 NONE 23566;-22765 0;0
1684 NONE 23566;-22765 0;0
1685 NONE 23606;-22724 0;0
1686 NONE 23594;-22737 0;0
1687 NONE 24465;-21796 0;0
1688 NONE 26587;-19151 0;0
1689 NONE 28996;-15259 0;0
1690 NONE 32152;-6313 0;0
1691 NONE 32747;1140 0;0
1692 NONE 32571;3570 0;0
1693 NONE 32035;6886 0;0
1694 NONE 31473;9117 0;0
1695 NONE 31092;10340 0;0
1696 NONE 30890;10930 0;0
1697 NONE 30338;12378 0;0
1698 NONE 30082;12990 0;0
1699 NONE 29865;13479 0;0
1700 NONE 29825;13569 0;0
1701 NONE 29825;13569 0;0
1702 NONE 29825;13569 0;0
1703 NONE 29811;13600 0;0
1704 NONE 29749;13733 0;0
1705 NONE 29344;14580 0;0
1706 NONE 28915;15412 0;0
1707 NONE 28704;15802 0;0
1708 NONE 28159;16755 0;0
1709 NONE 27914;17160 0;0
1710 NONE 27892;17195 0;0
1711 NONE 27880;17214 0;0
1712 NONE 27879;17216 0;0
1713 NONE 27848;17265 0;0
1714 NONE 27829;17297 0;0
1715 NONE 27854;17257 0;0
1716 NONE 27829;17297 0;0
1717 NONE 27815;17319 0;0
1718 NONE 27802;17340 0;0
1719 NONE 27599;17662 0;0
1720 NONE 27119;18390 0;0
1721 NONE 26755;18915 0;0
1722 NONE 26668;19038 0;0
1723 NONE 26648;19067 0;0
1724 NONE 26652;19060 0;0
1725 NONE 26644;19072 0;0
1726 NONE 26644;19072 0;0
1727 NONE 26631;19089 0;0
1728 KEY_B 26641;19076 0;0
1729 KEY_B 26587;19151 0;0
1730 KEY_B 26408;19397 0;0
1731 KEY_B 26923;18675 0;0
1732 KEY_B 27638;17600 0;0
1733 KEY_B 28229;16635 0;0
1734 KEY_B 29258;14751 0;0
1735 KEY_B 30744;11334 0;0
1736 NONE 31559;8814 0;0
1737 NONE 32310;5452 0;0
1738 NONE 32606;3237 0;0
1739 NONE 32626;3028 0;0
1740 NONE 32642;2849 0;0
1741 NONE 32682;2348 0;0
1742 NONE 32725;1642 0;0
1743 NONE 32725;1639 0;0
1744 NONE 32724;1669 0;0
1745 NONE 32726;1638 0;0
1746 NONE 32727;1609 0;0
1747 NONE 32753;-940 0;0
1748 NONE 32659;-2647 0;0
1749 NONE 32061;-6761 0;0
1750 NONE 29882;-13444 0;0
1751 NONE 27371;-18013 0;0
1752 NONE 24981;-21203 0;0
1753 NONE 23240;-23098 0;0
1754 NONE 22900;-23435 0;0
1755 NONE 22796;-23537 0;0
1756 NONE 22718;-23612 0;0
1757 NONE 22718;-23612 0;0
1758 NONE 22679;-23649 0;0
1759 NONE 22679;-23650 0;0
1760 NONE 22693;-23636 0;0
1761 NONE 22679;-23650 0;0
1762 NONE 22692;-23637 0;0
1763 NONE 22706;-23624 0;0
1764 NONE 22692;-23637 0;0
1765 NONE 23425;-22911 0;0
1766 NONE 24402;-21867 0;0
1767 NONE 25010;-21169 0;0
1768 NONE 25582;-20474 0;0
1769 NONE 25819;-20175 0;0
1770 NONE 25886;-20089 0;0
1771 NONE 25994;-19948 0;0
1772 NONE 26084;-19830 0;0
1773 NONE 26205;-19671 0;0
1774 NONE 28304;-16508 0;0
1775 NONE 31589;-8705 0;0
1776 NONE 30177;-1550 0;0
1777 NONE 26826;871 0;0
1778 NONE 25146;953 0;0
1779 NONE 25108;921 0;0
1780 NONE 28368;-2104 0;0
1781 NONE 31948;-7279 0;0
1782 NONE 31576;-8752 0;0
1783 NONE 31452;-9187 0;0
1784 NONE 31471;-9123 0;0
1785 NONE 32030;-6909 0;0
1786 NONE 32764;380 0;0
1787 NONE 32498;4184 0;0
1788 NONE 31153;10156 0;0
1789 NONE 30831;11095 0;0
1790 NONE 30722;11391 0;0
1791 NONE 30722;11391 0;0
1792 NONE 30737;11352 0;0
1793 NONE 30740;11344 0;0
1794 NONE 30734;11360 0;0
1795 NONE 30737;11352 0;0
1796 NONE 30737;11352 0;0
1797 NONE 30719;11400 0;0
1798 NONE 30654;11574 0;0
1799 NONE 30603;11708 0;0
1800 NONE 30555;11834 0;0
1801 NONE 30482;12021 0;0
1802 NONE 30426;12161 0;0
1803 NONE 30398;12230 0;0
1804 NONE 30395;12238 0;0
1805 NONE 30404;12215 0;0
1806 NONE 30410;12200 0;0
1807 NONE 30392;12247 0;0
1808 NONE 30356;12334 0;0
1809 NONE 30266;12554 0;0
1810 NONE 30175;12772 0;0
1811 NONE 30185;12748 0;0
1812 NONE 30212;12682 0;0
1813 NONE 30219;12667 0;0
1814 NONE 30212;12682 0;0
1815 NONE 30245;12604 0;0
1816 NONE 30599;11718 0;0
1817 NONE 31082;10371 0;0
1818 NONE 27143;4220 0;0
1853 NONE 1409;-3473 0;0
1854 NONE 6573;-11443 0;0
1855 NONE 16843;-22226 0;0
1856 NONE 20612;-25471 0;0
1857 NONE 20656;-25435 0;0
1858 NONE 20600;-25481 0;0
1859 NONE 20584;-25494 0;0
1860 NONE 20501;-25560 0;0
1861 NONE 20430;-25618 0;0
1862 NONE 20416;-25629 0;0
1863 NONE 20416;-25629 0;0
1864 NONE 20432;-25616 0;0
1865 NONE 20416;-25629 0;0
1866 NONE 20446;-25605 0;0
1867 NONE 20418;-25627 0;0
1868 NONE 20416;-25629 0;0
1869 NONE 20388;-25651 0;0
1870 NONE 20544;-25526 0;0
1871 NONE 22646;-23681 0;0
1872 NONE 25675;-20358 0;0
1873 NONE 27946;-17107 0;0
1874 NONE 29063;-15132 0;0
1875 NONE 29570;-14115 0;0
1876 NONE 31109;-10290 0;0
1877 NONE 32036;-6882 0;0
1878 NONE 32674;-2460 0;0
1879 NONE 32706;1988 0;0
1880 NONE 32604;3259 0;0
1881 NONE 32502;4155 0;0
1882 NONE 31191;10039 0;0
1883 NONE 30800;11181 0;0
1884 NONE 29061;15136 0;0
1885 NONE 27391;17983 0;0
1886 NONE 25753;20259 0;0
1887 NONE 24772;21447 0;0
1888 NONE 24205;22085 0;0
1889 NONE 23903;22412 0;0
1890 NONE 23551;22781 0;0
1891 NONE 22871;23463 0;0
1892 NONE 22558;23765 0;0
1893 NONE 22492;23827 0;0
1894 NONE 22344;23966 0;0
1895 NONE 22250;24053 0;0
1896 NONE 22103;24189 0;0
1897 NONE 20240;25768 0;0
1898 NONE 18009;27373 0;0
1899 NONE 15787;28712 0;0
1900 NONE 11650;30625 0;0
1901 NONE 7960;31785 0;0
1902 NONE 4125;32506 0;0
1903 NONE 26;32767 0;0
1904 NONE -560;32762 0;0
1905 NONE -954;32753 0;0
1906 NONE -2797;32647 0;0
1907 NONE -3409;32589 0;0
1908 NONE -3627;32565 0;0
1909 NONE -3792;32546 0;0
1910 NONE -3816;32544 0;0
1911 NONE -3823;32543 0;0
1912 NONE -3819;32543 0;0
1913 NONE -3788;32547 0;0
1914 NONE -3816;32544 0;0
1915 NONE -3847;32540 0;0
1916 NONE -3816;32544 0;0
1917 NONE -3819;32543 0;0
1918 NONE -3795;32546 0;0
1919 NONE -3816;32544 0;0
1920 NONE -3740;32552 0;0
1921 NONE -3433;32586 0;0
1922 NONE -3381;32592 0;0
1923 NONE -3375;32592 0;0
1924 NONE -3397;32590 0;0
1925 NONE -3713;32555 0;0
1926 NONE -7118;31984 0;0
1927 NONE -13076;30044 0;0
1928 NONE -17303;27825 0;0
1929 NONE -19842;26075 0;0
1930 NONE -21665;24582 0;0
1931 NONE -22859;23476 0;0
1932 NONE -26265;19591 0;0
1933 NONE -29633;13984 0;0
1954 NONE 32760;671 0;0
1955 NONE 32760;671 0;0
1956 NONE 32760;672 0;0
1957 NONE 32761;617 0;0
1958 NONE 32760;644 0;0
1959 NONE 32761;617 0;0
1960 NONE 32760;645 0;0
1961 NONE 32760;671 0;0
1962 NONE 32759;698 0;0
1963 NONE 32760;644 0;0
1964 NONE 32761;617 0;0
1965 NONE 32760;645 0;0
1966 NONE 32760;644 0;0
1967 NONE 32760;644 0;0
1968 NONE 32760;671 0;0
1969 NONE 32760;644 0;0
1970 NONE 32761;617 0;0
1971 NONE 32760;671 0;0
1972 NONE 32761;617 0;0
1973 NONE 32761;617 0;0
1974 NONE 32760;671 0;0
1975 NONE 32760;644 0;0
1976 NONE 32760;671 0;0
1977 NONE 32760;645 0;0
1978 NONE 32760;644 0;0
1979 NONE 32760;645 0;0
1980 NONE 32760;671 0;0
1981 NONE 32761;618 0;0
1982 NONE 32761;617 0;0
1983 NONE 32760;644 0;0
1984 NONE 32760;644 0;0
1985 NONE 32760;644 0;0
1986 NONE 32760;644 0;0
1987 NONE 32760;671 0;0
1988 NONE 32761;617 0;0
1989 NONE 32760;671 0;0
1990 NONE 32761;617 0;0
1991 NONE 32761;618 0;0
1992 NONE 32760;645 0;0
1993 NONE 32760;644 0;0
1994 NONE 32761;617 0;0
1995 NONE 32761;617 0;0
1996 NONE 32760;671 0;0
1997 NONE 32760;645 0;0
1998 NONE 32760;644 0;0
1999 NONE 32760;644 0;0
2000 NONE 32761;617 0;0
2001 NONE 32760;670 0;0
2002 NONE 32761;617 0;0
2003 KEY_B 32760;671 0;0
2004 KEY_B 32760;645 0;0
2005 KEY_B 32760;644 0;0
2006 KEY_B 32761;618 0;0
2007 KEY_B 32760;671 0;0
2008 KEY_B 32761;617 0;0
2009 KEY_B 32761;617 0;0
2010 KEY_B 32760;644 0;0
2011 KEY_B 32761;617 0;0
2012 KEY_B 32760;643 0;0
2013 KEY_B 32760;644 0;0
2014 KEY_B 32761;590 0;0
2015 KEY_B 32760;643 0;0
2016 KEY_B 32760;643 0;0
2017 KEY_B 32761;616 0;0
2018 KEY_B 32760;643 0;0
2019 KEY_B 32760;643 0;0
2020 KEY_B 32761;616 0;0
2021 NONE 32761;616 0;0
2022 NONE 32760;642 0;0
2023 NONE 32761;587 0;0
2024 NONE 32761;614 0;0
2025 NONE 32760;639 0;0
2026 NONE 32761;584 0;0
2027 NONE 32761;605 0;0
2028 NONE 32760;631 0;0
2029 KEY_ZL 32755;867 0;0
2030 KEY_ZL 32743;1233 0;0
2031 KEY_ZL 32734;1465 0;0
2032 KEY_ZL 32724;1668 0;0
2033 KEY_ZL 32719;1771 0;0
2034 KEY_ZL 32714;1849 0;0
2035 KEY_Y;KEY_ZL 32713;1875 0;0
2036 KEY_Y;KEY_ZL 32711;1901 0;0
2037 KEY_Y;KEY_ZL 32711;1901 0;0
2038 KEY_Y;KEY_ZL 32714;1850 0;0
2039 KEY_Y;KEY_ZL 32714;1851 0;0
2040 KEY_Y 32716;1821 0;0
2041 KEY_Y 32714;1851 0;0
2042 NONE 32714;1849 0;0
2043 NONE 32717;1798 0;0
2044 NONE 32714;1850 0;0
2045 NONE 32716;1824 0;0
2046 NONE 32716;1825 0;0
2047 NONE 32714;1849 0;0
2048 NONE 32719;1771 0;0
2049 NONE 32717;1798 0;0
2050 NONE 32718;1773 0;0
2051 NONE 32717;1799 0;0
2052 NONE 32717;1799 0;0
2053 NONE 32720;1746 0;0
2054 NONE 32719;1772 0;0
2055 NONE 32716;1824 0;0
2056 NONE 32720;1746 0;0
2057 NONE 32719;1771 0;0
2058 NONE 32717;1797 0;0
2059 NONE 32719;1772 0;0
2060 NONE 32719;1771 0;0
2061 NONE 32717;1798 0;0
2062 NONE 32719;1772 0;0
2063 NONE 32719;1772 0;0
2064 NONE 32717;1797 0;0
2065 NONE 32717;1797 0;0
2066 NONE 32718;1773 0;0
2067 NONE 32719;1772 0;0
2068 NONE 32717;1799 0;0
2069 NONE 32719;1772 0;0
2070 NONE 32717;1799 0;0
2071 NONE 32719;1772 0;0
2072 NONE 32716;1824 0;0
2073 NONE 32717;1799 0;0
2074 NONE 32719;1772 0;0
2075 NONE 32719;1772 0;0
2076 NONE 32720;1750 0;0
2077 NONE 32717;1801 0;0
2078 KEY_B 32717;1798 0;0
2079 KEY_B 32717;1797 0;0
2080 KEY_B 32718;1773 0;0
2081 KEY_B 32718;1773 0;0
2082 KEY_B 32717;1799 0;0
2083 KEY_B 32717;1798 0;0
2084 KEY_B 32720;1745 0;0
2085 KEY_B 32721;1720 0;0
2086 NONE 32727;1616 0;0
2087 NONE 32734;1461 0;0
2088 NONE 32734;1459 0;0
2089 NONE 32738;1356 0;0
2090 NONE 32742;1277 0;0
2091 NONE 32741;1305 0;0
2092 NONE 32743;1253 0;0
2093 NONE 32744;1226 0;0
2094 NONE 32742;1279 0;0
2095 NONE 32745;1200 0;0
2096 NONE 32745;1199 0;0
2097 NONE 32743;1252 0;0
2098 NONE 32745;1200 0;0
2099 NONE 32744;1226 0;0
2100 NONE 32743;1253 0;0
2101 NONE 32744;1200 0;0
2102 NONE 32743;1252 0;0
2103 NONE 32743;1253 0;0
2104 NONE 32744;1226 0;0
2105 NONE 32744;1226 0;0
2106 NONE 32744;1226 0;0
2107 NONE 32744;1226 0;0
2108 NONE 32744;1227 0;0
2109 NONE 32743;1252 0;0
2110 NONE 32744;1200 0;0
2111 NONE 32744;1226 0;0
2112 NONE 32744;1226 0;0
2113 NONE 32744;1226 0;0
2114 NONE 32745;1200 0;0
2115 NONE 32743;1252 0;0
2116 NONE 32745;1200 0;0
2117 NONE 32745;1200 0;0
2118 NONE 32742;1278 0;0
2119 NONE 32744;1226 0;0
2120 NONE 32743;1251 0;0
2121 NONE 32744;1227 0;0
2122 NONE 32744;1200 0;0
2123 NONE 32744;1200 0;0
2124 NONE 32743;1252 0;0
2125 NONE 32744;1201 0;0
2126 NONE 32745;1199 0;0
2127 NONE 32742;1253 0;0
2128 NONE 32744;1200 0;0
2129 NONE 32744;1226 0;0
2130 NONE 32744;1226 0;0
2131 NONE 32745;1200 0;0
2132 NONE 32744;1200 0;0
2133 NONE 32747;1123 0;0
2134 NONE 32755;856 0;0
2135 NONE 32759;714 0;0
2136 NONE 29480;857 0;0
2137 NONE 13634;632 0;0
2181 NONE 11401;785 0;0
2182 NONE 27315;1134 0;0
2183 NONE 32733;1480 0;0
2184 NONE 32732;1508 0;0
2185 NONE 32733;1478 0;0
2186 NONE 32726;1626 0;0
2187 NONE 32722;1715 0;0
2188 NONE 32718;1773 0;0
2189 NONE 32712;1889 0;0
2190 NONE 32707;1973 0;0
2191 NONE 32700;2090 0;0
2192 NONE 32698;2116 0;0
2193 NONE 32694;2176 0;0
2194 NONE 32694;2176 0;0
2195 NONE 32692;2206 0;0
2196 NONE 32684;2323 0;0
2197 NONE 32671;2498 0;0
2198 NONE 32650;2761 0;0
2199 NONE 32650;2761 0;0
2200 NONE 32650;2763 0;0
2201 NONE 32650;2763 0;0
2202 NONE 32645;2822 0;0
2203 NONE 32650;2763 0;0
2204 NONE 32647;2790 0;0
2205 NONE 32647;2790 0;0
2206 NONE 32650;2761 0;0
2207 NONE 32647;2790 0;0
2208 NONE 32653;2730 0;0
2209 NONE 32650;2761 0;0
2210 NONE 32652;2732 0;0
2211 NONE 32645;2817 0;0
2212 NONE 32650;2759 0;0
2213 NONE 32652;2732 0;0
2214 NONE 32648;2788 0;0
2215 NONE 32653;2730 0;0
2216 NONE 32650;2763 0;0
2217 NONE 32647;2790 0;0
2218 NONE 32650;2759 0;0
2219 NONE 32647;2790 0;0
2220 NONE 32647;2790 0;0
2221 NONE 32647;2792 0;0
2222 NONE 32647;2790 0;0
2223 NONE 32648;2788 0;0
2224 NONE 32650;2761 0;0
2225 NONE 32650;2759 0;0
2226 NONE 32645;2819 0;0
2227 NONE 32650;2763 0;0
2228 NONE 32650;2761 0;0
2229 NONE 32647;2790 0;0
2230 NONE 32647;2790 0;0
2231 NONE 32648;2788 0;0
2232 NONE 32645;2815 0;0
2233 NONE 32650;2759 0;0
2234 NONE 32650;2763 0;0
2235 NONE 32647;2792 0;0
2236 NONE 32650;2761 0;0
2237 NONE 32645;2819 0;0
2238 NONE 32645;2819 0;0
2239 NONE 32648;2786 0;0
2240 NONE 32650;2761 0;0
2241 NONE 32648;2788 0;0
2242 NONE 32647;2792 0;0
2243 NONE 32652;2732 0;0
2244 NONE 32645;2817 0;0
2245 NONE 32645;2819 0;0
2246 NONE 32645;2819 0;0
2247 NONE 32650;2759 0;0
2248 NONE 32648;2788 0;0
2249 NONE 32650;2763 0;0
2250 NONE 32645;2819 0;0
2251 NONE 32650;2763 0;0
2252 NONE 32650;2763 0;0
2253 NONE 32655;2703 0;0
2254 NONE 32673;2471 0;0
2255 NONE 32728;1590 0;0
2256 NONE 32752;970 0;0
2257 NONE 32763;498 0;0
2258 NONE 32766;-57 0;0
2259 NONE 32717;-1799 0;0
2260 NONE 32573;-3551 0;0
2261 NONE 31382;-9423 0;0
2262 NONE 28756;-15707 0;0
2263 NONE 23304;-23034 0;0
2264 NONE 18149;-27281 0;0
2265 NONE 10655;-30986 0;0
2266 NONE 4117;-32507 0;0
2267 NONE 1380;-32737 0;0
2268 NONE 785;-32757 0;0
2269 NONE 730;-32758 0;0
2270 NONE 703;-32759 0;0
2271 NONE 596;-32761 0;0
2272 NONE 514;-32762 0;0
2273 NONE 405;-32764 0;0
2274 NONE 216;-32766 0;0
2275 NONE 135;-32766 0;0
2276 NONE 54;-32766 0;0
2277 NONE 0;-32767 0;0
2278 NONE -28;-32767 0;0
2279 NONE -28;-32767 0;0
2280 NONE -114;-32766 0;0
2281 KEY_ZL -256;-32766 0;0
2282 KEY_ZL -627;-32760 0;0
2283 KEY_ZL -656;-32760 0;0
2284 KEY_ZL -742;-32758 0;0
2285 KEY_ZL -711;-32759 0;0
2286 KEY_ZL -709;-32759 0;0
2287 KEY_B;KEY_ZL -710;-32759 0;0
2288 KEY_B;KEY_ZL -710;-32759 0;0
2289 KEY_B;KEY_ZL -682;-32759 0;0
2290 KEY_B;KEY_ZL -708;-32759 0;0
2291 KEY_B -708;-32759 0;0
2292 KEY_B -653;-32760 0;0
2293 KEY_B -681;-32759 0;0
2294 KEY_B -681;-32759 0;0
2295 KEY_B -653;-32760 0;0
2296 KEY_B -681;-32759 0;0
2297 NONE -681;-32759 0;0
2298 NONE -682;-32759 0;0
2299 NONE -682;-32759 0;0
2300 NONE -681;-32759 0;0
2301 NONE -653;-32760 0;0
2302 NONE -681;-32759 0;0
2303 NONE -682;-32759 0;0
2304 NONE -653;-32760 0;0
2305 NONE -681;-32759 0;0
2306 NONE -595;-32761 0;0
2307 NONE -539;-32762 0;0
2308 NONE -369;-32764 0;0
2309 NONE -28;-32767 0;0
2310 NONE 269;-32765 0;0
2311 NONE 376;-32764 0;0
2312 NONE 538;-32762 0;0
2313 NONE 674;-32760 0;0
2314 NONE 860;-32755 0;0
2315 NONE 996;-32751 0;0
2316 NONE 1214;-32744 0;0
2317 NONE 1319;-32740 0;0
2318 NONE 1346;-32739 0;0
2319 NONE 1372;-32738 0;0
2320 NONE 1374;-32738 0;0
2321 NONE 1397;-32737 0;0
2322 NONE 1506;-32732 0;0
2323 NONE 1507;-32732 0;0
2324 NONE 1562;-32729 0;0
2325 NONE 1531;-32731 0;0
2326 NONE 1531;-32731 0;0
2327 NONE 1533;-32731 0;0
2328 NONE 1536;-32730 0;0
2329 NONE 1534;-32731 0;0
2330 NONE 1506;-32732 0;0
2331 NONE 1536;-32730 0;0
2332 NONE 2231;-32690 0;0
2333 NONE 4019;-32519 0;0
2334 NONE 8250;-31711 0;0
2335 NONE 11621;-30636 0;0
2336 NONE 14684;-29292 0;0
2337 NONE 19536;-26305 0;0
2338 NONE 25062;-21107 0;0
2339 NONE 32281;-5620 0;0
2340 NONE 32757;785 0;0
2341 NONE 32704;2029 0;0
2342 NONE 32633;2952 0;0
2343 NONE 32594;3353 0;0
2344 NONE 32551;3753 0;0
2345 NONE 32476;4350 0;0
2346 NONE 32413;4801 0;0
2347 NONE 32404;4857 0;0
2348 NONE 32400;4885 0;0
2349 NONE 32399;4893 0;0
2350 NONE 32408;4833 0;0
2351 NONE 32400;4889 0;0
2352 NONE 32409;4829 0;0
2353 NONE 32404;4857 0;0
2354 NONE 32404;4861 0;0
2355 NONE 32404;4857 0;0
2356 NONE 32400;4885 0;0
2357 NONE 32404;4857 0;0
2358 NONE 32400;4889 0;0
2359 NONE 32400;4885 0;0
2360 NONE 32259;5747 0;0
2361 NONE 32192;6110 0;0
2362 NONE 32185;6143 0;0
2363 NONE 32185;6143 0;0
2364 NONE 32187;6133 0;0
2365 NONE 32187;6133 0;0
2366 NONE 32192;6110 0;0
2367 NONE 32187;6133 0;0
2368 NONE 32181;6166 0;0
2369 NONE 32181;6166 0;0
2370 NONE 32180;6170 0;0
2371 NONE 32185;6147 0;0
2372 NONE 32185;6147 0;0
2373 NONE 32187;6133 0;0
2374 NONE 32185;6143 0;0
2375 NONE 32185;6143 0;0
2376 NONE 32180;6170 0;0
2377 NONE 32180;6170 0;0
2378 NONE 32180;6170 0;0
2379 NONE 32185;6143 0;0
2380 NONE 32180;6170 0;0
2381 NONE 32182;6161 0;0
2382 NONE 32186;6138 0;0
2383 NONE 32181;6166 0;0
2384 NONE 32186;6138 0;0
2385 NONE 32185;6143 0;0
2386 NONE 32186;6138 0;0
2387 NONE 32192;6110 0;0
2388 NONE 32186;6138 0;0
2389 NONE 32202;6055 0;0
2390 NONE 32185;6143 0;0
2391 NONE 32197;6083 0;0
2392 NONE 32187;6133 0;0
2393 NONE 32206;6032 0;0
2394 NONE 32213;5996 0;0
2395 NONE 32229;5913 0;0
2396 NONE 32228;5917 0;0
2397 NONE 32212;6000 0;0
2398 NONE 32223;5945 0;0
2399 NONE 32223;5940 0;0
2400 NONE 32218;5968 0;0
2401 NONE 32145;6353 0;0
2402 KEY_ZL 31091;10345 0;0
2403 KEY_ZL 31041;10493 0;0
2404 KEY_ZL 31018;10559 0;0
2405 KEY_ZL 31010;10584 0;0
2406 KEY_Y;KEY_ZL 31005;10599 0;0
2407 KEY_Y;KEY_ZL 31007;10592 0;0
2408 KEY_Y;KEY_ZL 31005;10599 0;0
2409 KEY_Y;KEY_ZL 31027;10535 0;0
2410 KEY_Y;KEY_ZL 31037;10503 0;0
2411 KEY_Y;KEY_ZL 31016;10567 0;0
2412 KEY_Y;KEY_ZL 31010;10584 0;0
2413 KEY_Y;KEY_ZL 31027;10535 0;0
2414 KEY_ZL 31018;10559 0;0
2415 KEY_ZL 31018;10559 0;0
2416 KEY_ZL 31018;10559 0;0
2417 KEY_ZL 31027;10535 0;0
2418 KEY_ZL 31024;10542 0;0
2419 KEY_ZL 31027;10535 0;0
2420 NONE 31057;10444 0;0
2421 NONE 31068;10412 0;0
2422 NONE 31076;10387 0;0
2423 NONE 31082;10370 0;0
2424 NONE 31095;10330 0;0
2425 NONE 31099;10320 0;0
2426 NONE 31107;10295 0;0
2427 NONE 31123;10246 0;0
2428 NONE 31148;10171 0;0
2429 NONE 31185;10057 0;0
2430 NONE 31255;9837 0;0
2431 NONE 31368;9470 0;0
2432 NONE 31426;9276 0;0
2433 NONE 31456;9173 0;0
2434 NONE 31458;9168 0;0
2435 NONE 31467;9135 0;0
2436 NONE 31473;9116 0;0
2437 NONE 31488;9064 0;0
2438 NONE 31302;9686 0;0
2439 NONE 25915;9255 0;0
2440 NONE 11491;7142 0;0
